1620391275.992338 0.024702802720123054 0.007083677374171331 -0.020708577384454946 -0.03032453048347685 0.06750576371026071 0.00031439508303710565 0.9972578883481356
1620391276.1923442 0.1654047168173739 0.007814948275044184 -0.0931632953805952 -0.019216590316340928 0.13378162052975634 0.0019490647250852992 0.9908225884646275
1620391276.392352 0.38144768294009307 0.01912930861458245 -0.22552414040671234 -0.019322564979185997 0.13981878596838956 0.011350966656826384 0.9899234824616024
1620391276.5923672 0.6875582983879627 0.04066524316992445 -0.4044682137767964 -0.019504467429050928 0.14837251160316253 0.02130708679743373 0.9885095758782942
1620391276.7923682 1.0777647651358693 0.07385167291474982 -0.631104240539346 -0.02121967005553335 0.15634539122716007 0.03224444370352084 0.9869478912764398
1620391276.992382 1.5273490840764499 0.1168230892350624 -0.8946045130381812 -0.026145789793992333 0.1628771295449313 0.03645965011892436 0.9856257566949322
1620391277.192382 2.0929475690816166 0.17008399126107976 -1.2245367033448151 -0.030073680324115726 0.1655209601590569 0.029067338460826736 0.9853189713664254
1620391277.3923962 2.7303815171274364 0.22875348976921214 -1.58946640372954 -0.03202355107017606 0.17117531579160422 0.019567416910651277 0.98452558099622
1620391277.659028 3.731341473132807 0.3300789530023405 -2.1599705315859143 -0.0322426535955242 0.18390137414423657 0.03411511527644434 0.981823229907836
1620391277.8590422 4.580590338262524 0.43199248620437986 -2.647975283742994 -0.0278632828877854 0.19187914234966919 0.06465878430157404 0.9788898169919396
1620391278.1257973 5.91841767660977 0.6254097125878871 -3.409966000454293 -0.026695155776461418 0.2011484921170713 0.10355886407657136 0.973705404343772
1620391278.3257973 7.0131992810237325 0.7957680604220639 -4.026382399168398 -0.02524030905302792 0.20501397732111057 0.11806499558765647 0.9712841256392346
1620391278.5258062 8.221692070526004 0.9971858440070368 -4.7001379668090975 -0.027626835655660292 0.21470932840120324 0.1311776269774547 0.9674342832615158
1620391278.725811 9.539130927173396 1.2262698649206407 -5.434909635285528 -0.026742616616148317 0.21543835034047235 0.14163802987253032 0.9658208002279332
1620391278.9258273 10.967072026789143 1.4853362149595917 -6.222660637819099 -0.028807173247778112 0.22336186754235524 0.1507869330459268 0.9625709967166406
1620391279.192454 13.026596359571126 1.8776561166322865 -7.354229993068522 -0.029405038335630938 0.23246292493768 0.16601812083647283 0.9578801155697017
1620391279.3924632 14.721646726724606 2.211296124420264 -8.285380474328202 -0.029843594786727243 0.2408608875851565 0.17901291203090128 0.9534410154844994
1620391279.592468 16.55371567225946 2.5838409810247875 -9.295125523326778 -0.030360581214780157 0.2475683718947789 0.19141566253932296 0.9492882494165312
1620391279.7924821 18.4939943547268 2.988885741427 -10.361506876571953 -0.02991608926933125 0.25427071055948336 0.20362756778575994 0.944980024652406
1620391279.9924831 20.57714608087662 3.43896756631652 -11.502263949251565 -0.03065299043153904 0.26133655532399064 0.21589958125976408 0.9402930233926308
1620391280.1924891 2.801338031958554 -1.9602198625528755 -1.3975186673660718 -0.016674464672112387 0.14429883867245624 0.2207892200579443 0.9644438437212844
1620391280.392497 1.2560017836034278 -3.112964205072528 -1.8424791389952688 -0.013206038856413024 0.10034534208829042 0.23122799354867296 0.967620807888278
1620391280.5925121 1.3086392831284133 -3.6023225032931236 -1.8048615287738807 -0.017858983076327526 0.0895690524870462 0.22308663536425058 0.9705105845285315
1620391280.7925122 2.3921315931805545 -4.091491209996324 -1.6143689630961413 -0.024071157358775765 0.08538592152254015 0.2101549224373248 0.973634804413092
1620391280.99252 2.6493160526723645 -3.7852657526554574 -1.1077729308161124 -0.022164963465771743 0.07622283946962115 0.21200424109354665 0.9740395242987326
1620391281.1925273 2.9434100386427247 -3.881141585671682 -0.7655704804459575 -0.028207058519867805 0.0686920029718253 0.22175551245337588 0.9722706738732368
1620391281.3925393 3.3934569575385036 -3.950794221606456 -0.6410678426315775 -0.031231798182121642 0.05877206698722251 0.2301805497877323 0.970869369907085
1620391281.5926652 3.6729067872983374 -4.2356491600585535 -0.4619216879495184 -0.0357909263846106 0.05797811633570647 0.23812129687905975 0.968842502983499
1620391281.7926722 3.6681555683363816 -4.430009971760864 -0.38535565043045433 -0.03892240116164909 0.05124082841950712 0.24732001324558645 0.9667948258234004
1620391281.992681 4.017023239318672 -4.398845047664579 -0.3867143915963429 -0.041216522806627465 0.051132342424181444 0.25597668215997443 0.9644493869541942
1620391282.192692 4.348206848124538 -4.471532123631396 -0.32332596736169855 -0.03822939519454642 0.056326301665646714 0.26629075500714966 0.9614858786698088
1620391282.39271 4.751084164939186 -4.482042799503946 -0.1931788546438951 -0.039108590719669815 0.05703392773815026 0.2848207239317315 0.9560830531066264
1620391282.6593323 5.297351801692921 -4.091155085223913 -0.16039492864531507 -0.040359749583427064 0.05597428284115867 0.3289619230097785 0.941818466310622
1620391282.859337 5.708275381663278 -4.221356854959195 -0.13930922540265578 -0.04157282764957405 0.059838974191514065 0.35318757891838726 0.932710850835722
1620391283.0593512 5.975422930343121 -4.073064036083724 -0.06695891996574664 -0.044730089215450956 0.06057309516409819 0.36373297682119904 0.92845486741888
1620391283.3259783 6.5089632664002535 -4.1179872063987055 -0.2451209988824345 -0.05146319933078251 0.06626190899067494 0.3777882265588876 0.9220829433435171
1620391283.526112 6.360267361815892 -4.338509047750615 -0.14597826749422246 -0.04322540238744973 0.05171775862681087 0.3910231418793394 0.9179094402749512
1620391283.726123 6.409791846226055 -4.6925828792325985 -0.1271527462939378 -0.04751487225209383 0.046055690679220516 0.3994170229191847 0.914378068455989
1620391283.926124 6.543250264314987 -4.845364239733248 -0.10915462199905543 -0.045614070283239244 0.041724032098206416 0.4015816401518211 0.913734451594466
1620391284.126132 6.819909611923005 -4.781328344319312 -0.10494431616432733 -0.04822641034593272 0.040524763643079297 0.4083203286707571 0.9106626521775372
1620391284.3261383 7.185432441446835 -4.826434223295286 -0.1168370067788379 -0.046119689245776516 0.03842723902345415 0.4106468329502884 0.9098161903114323
1620391284.526153 7.523420002861108 -4.796126446285082 -0.1129032656500365 -0.044453593264433634 0.0396474918986582 0.41105840190629045 0.9096608954188788
1620391284.726154 7.703033969776371 -4.689160081035645 -0.09447616327152697 -0.04738525373061033 0.033347804221546644 0.4018313271086482 0.9138786277381664
1620391284.926162 7.898632391684979 -4.494920104726768 -0.09957962615235859 -0.05047250910668535 0.032337779354338424 0.3936287135879014 0.917313048904268
1620391285.1261652 8.124546282966117 -4.347893787433654 -0.1031534958939287 -0.05320314278438288 0.02928961116557396 0.4061016801203385 0.9118075288563245
1620391285.326182 8.398680617939908 -4.253019290652763 -0.09151363490111944 -0.05083753932525158 0.025460532550900677 0.4144833898023841 0.9082790460290868
1620391285.5261831 8.533647260285315 -4.053886456355165 -0.10402639698406611 -0.049418840800429326 0.025460081284558008 0.4187936336161909 0.9063782074153584
1620391285.726194 8.825231407536819 -3.7330322538573095 -0.10780638490348632 -0.049265929224727466 0.02271806653807973 0.4336082643862592 0.899466859159545
1620391285.9262023 9.11536224791182 -3.3384561414882485 -0.11563536865913344 -0.048824495039113604 0.021670513658140083 0.4465896435492005 0.8931429044652212
1620391286.126209 9.349990457660088 -3.0814806755870374 -0.17348025889913876 -0.04703420137961361 0.018615921653255058 0.4703141152464431 0.8810481623393475
1620391286.3262122 9.343526656229352 -2.9280813970751614 -0.19862113037565615 -0.04930679528863965 0.01977510516458052 0.4836530084938457 0.873646125458672
1620391286.5262182 8.758164157843847 -2.812400321247309 -0.17746465951547638 -0.04959886798397804 0.026169946297137734 0.4624714341319821 0.8848588920372693
1620391286.726228 9.849012086124187 -2.4548322891336976 -0.1784770641666773 -0.05248950911295538 0.018048804740610488 0.5031510952106657 0.8624140928050903
1620391286.9262402 9.907377762708721 -2.0578637442745085 -0.17428012760062647 -0.048577844889328266 0.019994044929623686 0.4827036466660906 0.8742068523230188
1620391287.1929922 10.199133662909668 -1.6437868166524225 -0.20126810218126304 -0.04623578041003035 0.017537006520758174 0.4854713806494614 0.8728529341088761
1620391287.3930032 10.423881227814936 -1.4127000801842078 -0.20683388187513008 -0.042138324967553854 0.01461862332468181 0.4911427628683207 0.8699364596929444
1620391287.5930061 10.57354561035846 -1.2118347044257198 -0.2051481428426253 -0.04861875422929402 0.014866933211943194 0.5094630864963364 0.8589892633390073
1620391287.793019 10.686887891207988 -1.0079394047100947 -0.24360200346875005 -0.046959172685075365 0.013580347067380585 0.5267309997777456 0.8486252789938561
1620391288.059648 10.977119196905107 -0.7620283437732097 -0.293931119742474 -0.045779023086387635 0.014268989560704787 0.5331163632183362 0.844681963966929
1620391288.259663 11.104747374748984 -0.4626251944930519 -0.29418960177795145 -0.042124692877515135 0.014422636196346116 0.5418622082091888 0.8392871053041295
1620391288.459665 11.212710804506946 -0.24190501782819324 -0.32851836230457215 -0.037293318822742234 0.014343324381169593 0.551204019367377 0.8334132267069737
1620391288.6596801 11.438503710561454 -0.2321382808927917 -0.36919823014292097 -0.03409152450492899 0.010629376328071406 0.5514517758194746 0.8334420935262105
1620391288.8596811 11.570597733009086 -0.17188066999604706 -0.3897678018032553 -0.028976403506572757 0.008131740336421988 0.5666768541143196 0.8233902998275004
1620391289.059687 11.683692311822034 -0.017754080195656136 -0.40006939806008895 -0.02681569864352008 0.009697306291568689 0.5660801781402706 0.823856851930979
1620391289.2596962 11.796775797913734 0.16458882847016798 -0.4017365811375744 -0.024329818665124906 0.008000599716505113 0.5679529106489338 0.8226624712561633
1620391289.459708 11.910499672434767 0.36075055795722794 -0.4083627036032392 -0.025807785746300046 0.006563784181287932 0.5692111856771652 0.8217600020882522
1620391289.659709 12.02712511986422 0.6139924442620268 -0.4073114515397155 -0.026234240170510802 0.00546307437696492 0.576291466400708 0.8168047901516872
1620391289.85972 12.125971636704424 0.7799801087739493 -0.39392210879571127 -0.02750089727472478 0.007613992060167589 0.5801288641303732 0.8140247101757946
1620391290.059725 12.21038407390671 0.8783669143890426 -0.3591920947323298 -0.025973041778221496 0.006378116396648836 0.5621829214375553 0.8265803551839004
1620391290.2597382 12.28849111501036 0.9197273444161173 -0.34273775277607 -0.0224070517812844 0.007238481824288724 0.5343423761330228 0.8449400886925977
1620391290.526488 12.404400988075558 1.1508518502707519 -0.33268636702968635 -0.025019328686588155 0.009030565577179161 0.5347736604536929 0.8445765886894898
1620391290.7265003 12.523993678592625 1.270751310640766 -0.33117734361233603 -0.024752412437249693 0.011081600388000653 0.5286488973900005 0.8484072486133653
1620391290.9265091 12.62999666063872 1.4257346031650713 -0.32242985762881277 -0.025699679837476168 0.011119268102905299 0.5268607882721288 0.849490198951326
1620391291.193139 12.750531853528162 1.6612925714132687 -0.32642000655034636 -0.02648561358548389 0.007327368075090536 0.496874585293851 0.8673871502617159
1620391291.39315 12.844017448122578 1.8559167821328768 -0.32986369428531903 -0.02647382355406469 0.012012287369447693 0.4897899341239931 0.8713556461338732
1620391291.5931542 12.951623265508557 2.0357085578011342 -0.32204093176290666 -0.027074627195356128 0.011100205258472284 0.4916538787580731 0.8702989219271596
1620391291.7931752 13.097971331736993 2.2128519441302217 -0.3057770997975027 -0.022941179085965387 0.012159277484332797 0.4975619226593919 0.8670397842040899
1620391292.059916 13.249400488594413 2.4471751527711016 -0.23684037492017965 -0.022076875237948164 0.002709146428349219 0.5070558234399203 0.8616261741735805
1620391292.259926 13.361680806156455 2.538095108300342 -0.21051163220514113 -0.015722892737771377 0.0008133766241527421 0.5123650244170316 0.8586234394753828
1620391292.4599392 13.494875323842857 2.7034979597493374 -0.2026158692602203 -0.01851588060271393 0.004135511777117395 0.5209487853127952 0.8533770695237518
1620391292.659954 13.563781710071265 2.934897571226523 -0.2067420310225433 -0.021102030000918932 0.00030099863860311887 0.5543182516547686 0.8320371924451656
1620391292.926577 13.600565923075443 3.1956211018082192 -0.19583245810549585 -0.02459620214487251 0.0018510588231482907 0.5937526490473819 0.8042694773336028
1620391293.126583 13.612910949580268 3.4103434904545904 -0.20059794265443784 -0.029043425532217133 0.0005909589015365702 0.6071162811321048 0.7940818291493768
1620391293.326595 13.650790371588162 3.57205638412185 -0.19644580154417127 -0.02352262087240855 -0.0026623397310700544 0.6111480530449042 0.7911622182042286
1620391293.5933511 13.703243948431536 3.7955395048889207 -0.1627477231878421 -0.023715950841452695 -0.0016839063682054696 0.6046831517575271 0.7961111757258369
1620391293.7933571 13.753797746178106 3.9362522875723713 -0.15681981613463453 -0.023300671382854545 -0.004457346991462568 0.5983607347286732 0.8008755470769653
1620391293.993361 13.692799054184063 4.218178795366655 -0.1295641343204365 -0.022426961298173575 -0.005212717751698584 0.6135929991503448 0.7892866971983079
1620391294.1933792 13.776114917377454 4.3935383585334975 -0.12616178105442896 -0.02238688504824132 -0.00293471816943338 0.6137599631882574 0.7891697677903068
1620391294.3933792 13.902655709077353 4.619338241677812 -0.134700819221151 -0.02060381612067447 -0.002109121424658697 0.6199929713883772 0.7843339529798802
1620391294.5933862 13.979918708606691 4.77985977934841 -0.165219065274607 -0.021851371789208783 0.0019911547633747377 0.6266782955674493 0.7789691051115345
1620391294.793393 14.115345202997966 4.942644960306495 -0.20148351802425127 -0.021556951868504808 0.0015373288061331298 0.6303269050440091 0.7760289474136062
1620391294.993407 14.178635417134233 5.129001596459758 -0.21858304752668528 -0.018723409911125186 0.0010842419978077476 0.6351002128561658 0.7722020318353151
1620391295.1934092 14.244908955743108 5.357688368495881 -0.2337890207758741 -0.019052348996666402 0.001951696150099346 0.6465303590240276 0.7626478176327862
1620391295.3934133 14.392802715889722 5.580290219442202 -0.24501559549754665 -0.01715077816186579 0.004333276635858656 0.642633779387188 0.7659692546783589
1620391295.5934212 14.495241818862246 5.8148253373076635 -0.24672900671592765 -0.02083855939070073 0.007837312202072294 0.6428747158526142 0.7656477197101341
1620391295.7934442 14.582465705800848 5.9718652091658235 -0.259797642275767 -0.021465743681532593 0.008157600124906484 0.6438930078659825 0.7647708609967021
1620391296.0600631 14.700452670040832 6.221485615361814 -0.26649635225807494 -0.018411387606007117 0.005567787931525542 0.6528731400516617 0.7572230078008656
1620391296.2600682 14.873056263068525 6.3594190827226065 -0.2613715246743645 -0.01575934567312104 0.00893384224883909 0.6560759970611403 0.754477379095485
1620391296.4602072 14.991459813733798 6.346481367636889 -0.28256129243237155 -0.010878896584082113 0.009506689147763474 0.6645596218216296 0.7470955638435983
1620391296.660216 15.284648317650445 6.440303329724037 -0.26710727282771707 -0.012824213226564945 0.010226987245661746 0.6621747948398823 0.7491698668297375
1620391296.8602183 15.417526833300169 6.522617685206024 -0.22595196732427544 -0.012580574946994992 0.011378333511056736 0.6692518963774523 0.7428419494452542
1620391297.060225 15.883577977310205 6.233848056717736 -0.1962622978062771 -0.012065701077618679 0.01228565962896227 0.6595284969506898 0.7514822972864225
1620391297.2602391 15.96076271815427 6.22344457561164 -0.1545275245815491 -0.012612656614067233 0.006603168891425512 0.6691761586460433 0.7429674203848899
1620391297.460243 16.172176719632795 5.92709227810993 -0.1596921936220634 -0.010963830589766991 0.0014426591424610395 0.6803169474800492 0.7328346089840103
1620391297.6602452 16.48491793795222 5.601484067181273 -0.13170802591437744 -0.01342602719057053 0.002464936392984218 0.6814777711914818 0.7317114959150682
1620391297.860254 16.680563371542732 5.5453743106824085 -0.04979855508593633 -0.013099064185083746 0.000484989854127237 0.6956173106888017 0.7182929321469825
1620391298.06027 16.86113571240173 5.565711926340215 -0.09547142313190009 -0.009992882081512448 -0.00045106401469567815 0.7154949275991409 0.6985463101532828
1620391298.260274 16.971888615723678 5.771004191114895 -0.04522771110108029 -0.014679296523086641 0.0041090181188054645 0.7212469712605518 0.6925102458960952
1620391298.460278 17.17491605815173 5.856413802967205 -0.029570432852141774 -0.014381163572381866 0.0017993249980996762 0.7132089769521234 0.7008016122688825
1620391298.6602821 17.288292435099955 5.94877504428801 -0.034358019534025334 -0.013574710466466935 -0.002061436257385953 0.7000259359759229 0.713985410689356
1620391298.8602982 17.478459500918298 5.967572188133965 -0.023694341549189982 -0.012208608247790896 -0.0016220202796721312 0.6893605022390046 0.7243137558320702
1620391299.0603032 17.72680948685765 6.053117445402961 -0.0040596237911000544 -0.013700255754742636 0.004296842473185418 0.6736280694357388 0.7389310280433523
1620391299.260305 17.91763126507338 6.04918886893211 0.07521937908584438 -0.022333401203726237 0.010527235211381497 0.6576568712521527 0.7529129008087327
1620391299.4603121 17.995948705403485 6.3608727720679825 0.06899191341580975 -0.025388117516006392 0.01073447946067062 0.6755204883506789 0.7368258167695191
1620391299.66033 18.28436074206328 6.192982685754579 0.07542746939961134 -0.027222860599642105 0.009629110493961871 0.6780485902550168 0.7344496615459467
1620391299.8603332 18.395331131824438 6.500267815475526 0.10526920483648974 -0.029821563108401 0.011531821682860993 0.6947675171583524 0.7185233389138872
1620391300.0603342 18.548995280706514 6.421768114635545 0.213807532583588 -0.05020368318986676 0.008447477174470476 0.6869464658735184 0.7249226050740435
1620391300.26034 18.666735556531503 6.450166433728297 0.2601221847379114 -0.05499527157816579 0.011395391025401106 0.686078795020156 0.725356155409883
1620391300.4603522 18.64564956439863 6.7195562949735645 0.18487184050752176 -0.07500601682057148 0.012740828374623895 0.6837811532006216 0.7257100683196832
1620391300.660362 18.166764224619264 6.789646328058865 0.011260507769982468 -0.04253412093014744 -0.004166293311280664 0.6473875255083201 0.7609618140043942
1620391300.860363 18.244026153068283 6.992700121372917 0.02534908026228015 -0.04609379421751693 0.004083852839469498 0.6590481393347922 0.7506758516962299
1620391301.060373 18.391734485384678 6.916556874649458 -0.06443610961350198 -0.042169197393299385 -0.0005741708287524887 0.6585439597058895 0.7513596224537507
1620391301.260381 18.480886274808398 7.0556314507374704 0.08237070624590971 -0.04418984270592953 0.012777823099067217 0.6530031839470334 0.7559568947985063
1620391301.4603872 18.634996420829452 7.134474073543357 0.11177707734133767 -0.04204283461011035 0.004685137938505533 0.6548867070737524 0.7545421462306972
1620391301.660391 18.634850830559568 7.4452184427958334 0.12555217985792738 -0.03963021332774092 0.0012765631810120472 0.6561358590264185 0.7536003921692118
1620391301.8603961 18.68756757171957 7.764399765919364 0.12896520818354879 -0.049927144807793686 0.004163877137985279 0.6586070600594498 0.7508173431522804
1620391302.060537 18.69337279656538 8.083448097079103 0.1508741786621959 -0.047383852846236404 0.00815467552226176 0.668773307364333 0.7419100586414886
1620391302.2605472 18.747124337488412 8.305313303043025 0.1535515792806912 -0.050033596067347315 0.008139258056161367 0.671463136457855 0.7393021358828293
1620391302.4605482 18.74446816845718 8.586238459740457 0.1620251963058939 -0.04805260232414002 0.010451414769920167 0.6746936905072191 0.7364578326888777
1620391302.660552 18.766791058098143 8.831123763658864 0.15821611049956644 -0.04849414993835012 0.008758169266104876 0.6844043421075833 0.7274354324591346
1620391302.860563 18.776530191522536 9.07014804721092 0.17156626791907734 -0.048571256423496904 0.011917141669797746 0.6978887200768018 0.7144579408007713
1620391303.060578 18.780816457179487 9.296931307923122 0.17102924239975856 -0.04702200826900161 0.010209516570009496 0.7158162232960417 0.6966289047805773
1620391303.3272002 18.82955126278429 9.552912952945645 0.15917960742651982 -0.04950180056153773 0.010255539134944711 0.7413103822044435 0.6692557903327695
1620391303.527206 18.79467536210329 9.815486050991607 0.16697721457792966 -0.047240623680173885 0.01204933852350929 0.7696153647754093 0.6366437993233456
1620391303.7272232 18.683391408698228 10.163152478033677 0.17435071758011228 -0.049194658316452505 0.01421519998807771 0.7917848250632036 0.6086498209001873
1620391303.9939752 18.722011179961218 10.220112258191154 0.0925118602031899 -0.045207292062469394 0.01415095505661361 0.783993605945139 0.6189588653959798
1620391304.193983 18.872171150220495 10.482351671144787 0.012493022625677865 -0.042702002133363295 0.014600934952008987 0.8142897211291109 0.5787016517822812
1620391304.39399 18.947926698570484 10.531990696334548 0.0297785882628673 -0.044041951578011905 0.01625780535149102 0.8273129832552955 0.5597760427200223
1620391304.594003 19.03983310837235 10.567844719950099 0.03796069452178298 -0.04099800543988051 0.020513445644276564 0.8388605204964411 0.5424125636910317
1620391304.794006 18.88629610443827 10.969778448650334 -0.0024693142193131725 -0.04049086930435267 0.024765410513874358 0.8599138127771302 0.5082277034359594
1620391304.994013 18.818508900372528 11.158143613444128 -0.046000640118938944 -0.0401702299007938 0.027483872341965955 0.8664450541760097 0.4968943121878399
1620391305.1940181 18.774498890292556 11.443006351326463 -0.06380803009562956 -0.02943475521169672 0.020238111155314736 0.8543892043894201 0.5184043802524679
1620391305.3940322 18.98111195409715 11.587354024917492 -0.18488459796458218 -0.02561177793426179 0.030289301214666043 0.8117906669687441 0.5825997838011339
1620391305.6606631 19.100808752652036 11.75016913119723 -0.1030274033901859 -0.016775799109526784 0.024909819764470816 0.7523582409330947 0.6580692598377277
1620391305.860671 19.311814075317447 11.774230051167454 -0.12545395269485263 -0.01736917225687562 0.02424934477797395 0.7122377344121376 0.7013042783358869
1620391306.060679 19.33644040716357 11.82586618838699 -0.10416554119227021 -0.013480791929165658 0.021174072845236605 0.6908593063054149 0.7225533515105454
1620391306.260689 19.414250885788466 11.774400404555744 -0.11447430401477937 -0.010612819637453145 0.01864145363776392 0.6771020295811292 0.735576444567489
1620391306.527446 19.36028843284476 11.703243413189282 -0.1284954990751256 -0.004193687453454911 0.018508424354021447 0.694425286486364 0.7193145158424171
1620391306.727447 19.23314412763016 12.047127778081325 -0.026142311797418924 -0.0050380015734315595 0.018000826574214968 0.7192930422359145 0.6944552600229765
1620391306.927464 19.40218700450232 12.04236120367336 0.04229105436019862 -0.0031189321002077497 0.015313515323215747 0.7223917591738724 0.6913073952942049
1620391307.127464 19.28378448513359 12.335074868219722 0.029588869303606224 -0.0008622835576556007 0.01537489416287685 0.7564450023004735 0.6538760032230354
1620391307.327476 19.541415054234722 12.274830611015453 0.05953491300115124 -0.00253811223451478 0.015941163208268286 0.7713747019524353 0.6361764743287603
1620391307.5274782 19.143081478437672 12.722195962790057 0.08524145609112022 0.001945429292863684 0.015553032348567837 0.8136652606067566 0.5811223297818057
1620391307.7274933 19.404293049470255 12.714088206780625 0.06654694279099359 0.0010825354327910893 0.018588727870944496 0.8183959863261759 0.5743529375549784
1620391307.994122 19.34214795475528 12.77770325032213 0.13358890941970353 0.01242833446853153 0.01597044743119345 0.8319449846735698 0.5544889753523495
1620391308.1941283 19.4551137560587 12.963842387110457 0.1513413912259149 0.01532637028015242 0.01572141155029645 0.8400582598259506 0.5420517131148027
1620391308.3941352 19.6135975361248 13.028035691443128 0.13747795169560753 0.015617016402962468 0.015369174743754184 0.8415557117063378 0.5397257464308978
1620391308.594149 19.654563314083614 13.16986293269891 0.12174345989689983 0.015005325957919568 0.015113556107935766 0.8473551207646216 0.5305993968411632
1620391308.7941492 19.66751616372076 13.284878931571326 0.1487991677583049 0.010920133347249518 0.012771295303845166 0.8598302521132355 0.5103034217544984
1620391308.994162 19.849136880899454 13.323331859408748 0.12707233656213712 0.012935117457444367 0.011038102161106934 0.8734693811090779 0.4865820416967968
1620391309.1941621 19.812458379162702 13.455383865854271 0.15976502291895917 0.011832679415710416 0.010737737713335744 0.8883101649383703 0.4589659459629546
1620391309.3941772 20.055001368425316 13.39867512219141 0.22000184326489472 0.013537170947200507 0.011793631745128725 0.8867902994208797 0.4618231480836483
1620391309.5943203 20.27214743264636 13.630759100902244 0.2175976315426391 0.011745497813693617 0.011662402166506337 0.8912210944662518 0.4532670211200573
1620391309.8609412 20.789913543771387 13.483667679714852 0.16192962390489235 0.013792267495006888 0.01305512318521068 0.888510857366103 0.4584624231694181
1620391310.060969 20.987139269524878 13.587874377123352 0.24637415545915275 0.00980484235866973 0.010462849885706471 0.8842132157272049 0.4668633450719812
1620391310.3275852 21.07499614842424 13.846833129010337 0.24819934409969746 0.008311562968519424 0.007532922185881711 0.8785016137545779 0.4776076712478705
1620391310.5275862 21.32689266557449 13.789786977686646 0.2309667416934649 0.007170066067462652 0.00622293366157186 0.854524710414299 0.5193239687710205
1620391310.727592 21.645148829000263 13.756683362225457 0.2423148026263576 0.0004021843996326086 0.008892688302481157 0.8371237330591639 0.54694114298624
1620391310.9276092 21.975676450298792 13.698616274010403 0.2378494499782007 4.2674911332172804e-05 0.00721902154245695 0.8272768987383349 0.5617480010825735
1620391311.1276193 22.23780698695896 13.7425385965598 0.23341044630357216 -0.0016433798863150185 0.00866687880329599 0.8253751309301198 0.5645157905284917
1620391311.3943691 22.50854343612616 13.907898403525522 0.21016139811639956 -5.5285146413170376e-05 0.012174295468343848 0.8291649257583529 0.558871460503302
1620391311.594376 22.73273130639601 13.964900204718766 0.20219162963934784 0.0016225860444565579 0.013620516468177022 0.838908149971903 0.5441001421208244
1620391311.794388 22.959453221016282 14.020433424214373 0.1486678281485427 0.0032653359781592934 0.011466642380004633 0.8542445620937001 0.5197346263491386
1620391311.994398 23.08896650491203 14.205315707987419 0.17394897635002343 0.0017917531144014851 0.011796969063222425 0.8663478023878532 0.4992986144976454
1620391312.2610283 23.507445844621294 14.326576722237792 0.16512382001233522 -0.0001778747648733465 0.013969876709684102 0.8734130946943571 0.4867795978895843
1620391312.4610372 23.711472464234248 14.507803760711127 0.14272017316949578 0.0003708965001154086 0.013736127791004464 0.8779310434718147 0.4785898704918669
1620391312.6610491 24.195698736356423 14.539281818083472 0.07905483150003438 -0.0017693999383269112 0.01669809951482121 0.8777500151638209 0.4788245540656809
1620391312.927804 24.59835188943061 14.709869949913152 0.03335670760185029 0.0010501965893585392 0.017403081234836672 0.88062368818856 0.4734954589557016
1620391313.127809 24.82637876342312 14.864072002052502 0.005798509262266919 -0.00058079967910229 0.01977132226116894 0.8820200982529677 0.4707964568318649
1620391313.3278232 24.80448340767024 15.125654476173283 0.005716708788960755 -0.0006853173738574587 0.019561860337306617 0.8847569348027036 0.4656415255092704
1620391313.5944462 25.005572469784784 15.368910326502894 -0.042372011891122024 -0.001039317850685612 0.019402553563927265 0.8886012666604453 0.4582687526145471
1620391313.7944593 25.227372585552075 15.526498433039091 -0.08520512835240254 -0.0012889023245769128 0.017709446133223155 0.8910977765130066 0.4534638540632142
1620391313.994466 25.430310801840218 15.71144577678048 -0.12470017297912975 0.00014338804733934606 0.020083726387041662 0.8953520638279961 0.44490595093015356
1620391314.1944802 25.64589868924918 15.886192435704615 -0.16413954980066126 0.000851914165544325 0.021334760950092017 0.9028330995782798 0.42946070428291117
1620391314.4612303 25.92618808046613 16.11837729017849 -0.21854658371470687 0.0039262842175939805 0.014982351487649122 0.9117920325800004 0.4103600891407692
1620391314.6612382 25.97180692360976 16.352325551143917 -0.2451485584413789 -0.002612437022124705 0.01917897658048785 0.919775431283492 0.3919674706365893
1620391314.8612533 26.30680333634805 16.328522022071784 -0.30834392819975576 -0.008082694187528718 0.017161327856942802 0.9181155584765418 0.3958585355452285
1620391315.061258 26.348850550953852 16.599965636357652 -0.3201458537305343 -0.01310000024140235 0.01522669927109321 0.9116572373097716 0.41046025298869276
1620391315.3278873 26.616750618050922 16.858684495595615 -0.3820494814399986 -0.014921854636797087 0.017474237091434395 0.9072932214215595 0.41987021763230686
1620391315.5278952 26.812210845738647 17.061012699182932 -0.4296899852450299 -0.01639609357840141 0.018192373870933757 0.909313579962495 0.4153902008280183
1620391315.7279072 27.004352625527503 17.26957836977476 -0.479660003409576 -0.017143401288591695 0.018704260629136972 0.9132735623102116 0.4065558446408504
1620391315.9279082 27.24191747905492 17.52893519889994 -0.4824057719018169 -0.01380982337792895 0.018655342522142897 0.91703539514879 0.3981298167907035
1620391316.127921 27.098493559050482 17.11849590084526 -0.31706813823988633 -0.018106848005200564 0.011439426926096407 0.9161439645550192 0.4002768014464173
1620391316.327921 27.081719994622727 17.569387323677528 -0.09156120729506062 -0.01610991492921703 0.013099053430912768 0.9193779632886716 0.3928269925287813
1620391316.5279372 27.26606742070783 17.655726561131665 -0.1238416342118054 -0.018112156915137317 0.013333460855037133 0.9216978216713488 0.3872561092089399
1620391316.7946901 27.456342634511948 17.883552007044113 -0.1571773014919899 -0.01524281079072835 0.012131022641035648 0.9257049408423118 0.3777444341202946
1620391316.994702 27.58874201243272 18.05512411989637 -0.18596942165356334 -0.012948809666423049 0.009623705256144798 0.9277675177929542 0.3728097980921584
1620391317.194709 27.742621789316708 18.201174025367795 -0.21387949808918336 -0.015957970577878833 0.01049500406660481 0.9312189700116674 0.3639593767921618
1620391317.3947191 27.353591121372997 18.640588507042743 0.06836807171195902 -0.018993169013339653 0.010981296034009552 0.9335433729944742 0.35779245577037777
1620391317.594726 27.631232894414552 18.677406819311493 0.17802193610179665 -0.019835044498828905 0.00936669056581632 0.9336793342142768 0.35743773860437833
1620391317.794728 27.698859308324245 18.862269617751892 0.3197682897750733 -0.020236766497609183 0.008853504957770276 0.9355666052093587 0.35245881454231515
1620391317.9947312 27.556533015478742 19.127304133068005 0.2825134161199431 -0.01805338080899176 0.008070358826401855 0.939676938245121 0.34149113675161574
1620391318.194747 27.78351253351276 19.051143622268732 0.3559389994378074 -0.022482298793602574 0.005667717633972925 0.938665849801818 0.3440477374340142
1620391318.461378 27.357679287934804 19.51649330806436 0.4056319978923632 -0.023439318310126675 0.004832117562662433 0.9442070011224672 0.3284819447522104
1620391318.6613882 27.67520881520758 19.483480825471023 0.44662421404393926 -0.022841028129422195 0.0015988112881864496 0.9450698280294032 0.3260655630157692
1620391318.8615232 27.860711344944395 19.281662495286298 0.4871150032231269 -0.022414665814955718 -0.0032234816291774786 0.9444289761704162 0.3279345984981625
1620391319.0615292 28.23273928035673 18.899207264177537 0.4831587620980781 -0.0231634180871739 -0.0025600977746750627 0.940867084047507 0.3379734192472893
1620391319.2615411 28.211757666844598 19.184512046769118 0.43458420388489943 -0.021298591703860927 -0.005024311514046906 0.9439694926990696 0.3293064274176338
1620391319.5281622 28.16985224833037 19.2142931413268 0.4212932292647337 -0.024722818699846938 -0.0002980198265022409 0.941475236923579 0.3361741686674776
1620391319.728178 28.49905727476951 18.956300428654036 0.4200335814551451 -0.03052215364627109 0.002842677063473285 0.9402103405384477 0.33921207653670643
1620391319.928178 28.30963091479609 19.183372320479986 0.4574818893041929 -0.040295891283586564 0.007945257991876663 0.9416515545462366 0.3340740394607511
1620391320.1281831 28.582802233608724 19.265280094932404 0.4229451094984544 -0.04644890676227971 0.01012245340993353 0.9442976808544626 0.32564079125672013
1620391320.32819 28.464668965452834 19.438903114283544 0.37985573038281517 -0.039417964622233646 0.009687925767386694 0.9467264746185062 0.3194704218165605
1620391320.528202 29.00961099105585 19.146489858146115 0.42004801733706293 -0.04114397368851776 0.008488949670798373 0.9437533500459608 0.32797061673189765
1620391320.728203 29.26170952431108 18.67078592715565 0.4207928325128119 -0.039516041594401925 0.007379913102040081 0.9374927702233024 0.345675172840373
1620391320.9282131 29.86587129060564 17.526227631528037 0.4079257223505884 -0.04161216973818546 0.010086958224708181 0.9281531499070016 0.369727481966149
1620391321.128221 30.16631722373317 17.039199441085056 0.36264764797865934 -0.042418622735775645 0.010917431259895227 0.922211510799364 0.38419708417543047
1620391321.3282351 30.239305025782862 16.682996475209176 0.33583590001472097 -0.04216736479578297 0.01331748900991184 0.917499570831741 0.3952709138756385
1620391321.5282362 30.045670819479646 15.994965906073894 0.16388054072746158 -0.039898507558404094 0.016911917999006883 0.9090869485060415 0.4143464929018209
1620391321.728252 30.377767828822552 14.84942603085453 0.05258177667133042 -0.039054369380529856 0.02067588498400655 0.903603012883131 0.4260855068185286
1620391321.9950023 30.495745413413076 14.269138658380216 0.026152502703032966 -0.0343613162124034 0.02025769585404724 0.89395539191264 0.4463772877029095
1620391322.195017 30.580438151052697 13.534981799945792 -0.025543058533303402 -0.03029138390563865 0.02250138514477387 0.8778340125233905 0.4774762467228854
1620391322.4616442 30.464603394555592 13.156106459531433 -0.03922205500821532 -0.029782369469151755 0.023173594536119137 0.8668202672649309 0.497190727230172
1620391322.661652 30.48365938874258 12.604008276980794 -0.030815262912092006 -0.025892383931270406 0.0240532970014455 0.8549378518211245 0.5175251615916687
1620391322.8616621 30.57135975454929 12.194633851345731 -0.03081647688656419 -0.022302875044867446 0.021593370915538937 0.8467312484630459 0.5311143953733279
1620391323.061671 30.63451006529369 11.887337249479446 -0.021482609142093562 -0.019101371289159685 0.021603447956151427 0.8407915891229698 0.5405903553622684
1620391323.2616751 30.79475965417159 10.947217207885169 -0.014696682406715763 -0.017849690165478927 0.021007303760250427 0.8209040660568601 0.5704003822583453
1620391323.4616761 30.900801553270068 10.356983336025408 0.00243429761532684 -0.016974950621375155 0.02109377483519335 0.8084078628689989 0.5879996861951989
1620391323.661693 30.997922476049343 9.991645968239398 0.015076368413904006 -0.016524939852793494 0.021179925066094042 0.8008058097933972 0.598321311786308
1620391323.861702 31.074007875918586 9.62910878781408 0.022117210366224698 -0.01589626048130708 0.021111666834785242 0.7933568440176809 0.6081829695708206
1620391324.061706 31.145301135139352 9.273986105598231 0.03174533332618457 -0.01574005873184957 0.021133350323863216 0.7858708275008992 0.6178290010494691
1620391324.2617111 31.217762632522252 8.922839250619354 0.04065362831902827 -0.015338810458864075 0.02105874515011814 0.7783492313773711 0.6272907811854143
1620391324.4618502 31.287967223350645 8.601421499152222 0.047478779142058045 -0.015086003676157634 0.020994137886981838 0.7713510568756675 0.6358845852226739
1620391324.661855 31.35245245308142 8.284419546972785 0.056570214320011324 -0.01493186436531392 0.020954433304999166 0.7643686389882349 0.644265888342914
1620391324.928482 31.407968746474662 7.876594046169543 0.0640823995026132 -0.014644741228246659 0.02092286922665224 0.7553128317384634 0.6548666210065146
1620391325.128492 31.497434414076825 7.580253282911486 0.07438357200646592 -0.014554479098136381 0.020856221123979023 0.7484857508198235 0.6626630108870492
1620391325.328501 31.427328447994714 7.121784586275794 0.08189107985646457 -0.01407205046109363 0.02098958860759632 0.7378805876952693 0.6744580438159212
1620391325.5285063 31.46962138598767 7.24975688036088 0.08851243256291381 -0.014116014234942579 0.02088442054933373 0.7435555607846893 0.668198852996772
1620391325.7285173 31.42408317012036 7.129140584728719 0.0988548149612141 -0.013619608814033709 0.020338778225447714 0.7415520125027049 0.6704486953591869
1620391325.928522 31.38306892716626 6.864961738493808 0.10149701382881526 -0.013375222401086023 0.020398446069896943 0.7356877539772814 0.6768814781563494
1620391326.1285322 31.33800966342138 6.598059436117105 0.10578980652614564 -0.013161846537451699 0.020420280511967433 0.7296965833833187 0.6833393550336919
1620391326.3285341 31.295217127129163 6.333794351665284 0.11110031688484008 -0.012986664745055785 0.020443970542551763 0.723760923491353 0.6896256348438761
1620391326.5285442 31.25238063675008 6.0774592205939815 0.1154195387630523 -0.012796827195581943 0.020456333676745042 0.7179053452510639 0.6957224266083492
1620391326.728553 31.229956355648397 5.912402500877706 0.12036239869248717 -0.012794646041002966 0.020419953287027302 0.7144820935182081 0.6992386292117366
1620391326.928562 31.217778496053324 5.819248231572721 0.12163277912999675 -0.012598256939497293 0.020292152731703136 0.7134902353011052 0.700257950036414
1620391327.128562 31.17669133001609 5.624977973850817 0.12327851833387088 -0.011841118273425275 0.021857516669293864 0.7088456654376167 0.7049254283064412
1620391327.328572 31.127790657026253 5.365062112053283 0.12514560857094337 -0.012212541494551409 0.021292556459581283 0.700978744988278 0.7127596228350468
1620391327.5285902 31.10767964619101 5.192329040681349 0.13054964162670818 -0.011480134162683656 0.02080596437119192 0.6975841693659677 0.7161086824050004
1620391327.795344 31.07561227576528 5.108068287032601 0.1341323704618443 -0.011281945048867762 0.022397768018255878 0.6968344737828087 0.7167933969081958
1620391327.995347 31.065146976056443 5.06115609743266 0.13615673647943616 -0.011078135102275215 0.022567387588394442 0.6964767458916443 0.7171388501342773
1620391328.1953552 30.999105214356533 4.85950808619115 0.137710596900737 -0.010984803353944889 0.021616060984997635 0.6902840959686527 0.7231320397100035
1620391328.395358 30.98850721144796 4.7875463141096075 0.1433470873751941 -0.010646387273556313 0.0228199631248372 0.6899717406556057 0.7233981620223513
1620391328.5953732 30.91623367210507 4.561346636795232 0.146966329787145 -0.01072640741796764 0.02261020504451919 0.6830651954165707 0.7299285318590562
1620391328.862005 30.972833935791122 4.652528777242753 0.14855077284752782 -0.010818748424176336 0.0215201728110273 0.6824121161949128 0.7305706950834688
1620391329.062012 30.942836817736165 4.570334099865353 0.13818734063946722 -0.011995894832360694 0.021342329156271277 0.6741934127707152 0.7381489319030301
1620391329.2620301 30.912733484087227 4.498661968185665 0.1401208733830595 -0.011030234479402743 0.022287042198964067 0.6694792699113703 0.7424143915873024
1620391329.4620302 30.938723081092967 4.650649217053879 0.13200385920637522 -0.011378916567208 0.0224121240021783 0.665364183019323 0.7460956513143295
1620391329.728779 30.949562283399224 4.77711928907252 0.1373001455609976 -0.010287577329354631 0.02123276019380832 0.660310485826101 0.7506220073745531
1620391329.9287882 30.941272050313003 4.798125881253194 0.13495048626316794 -0.009944327975042558 0.021497659613512642 0.6548877202216944 0.7553549065669478
1620391330.1288042 30.884198779471323 4.655729813441504 0.1440768532932179 -0.010703943744770014 0.023673393693258906 0.6414731090315624 0.7667054495752661
1620391330.3954291 30.927274005523174 4.891399581041669 0.13532988509196442 -0.010319442986015828 0.022302592082985753 0.6408515834359004 0.7672713675683552
1620391330.595443 30.99086304312172 5.177885049112807 0.12672420926294323 -0.011557024197327423 0.022221997009765303 0.6484576215825776 0.7608385709542685
1620391330.795448 31.103241927938207 5.739015973154244 0.1254838929941814 -0.011278935544546584 0.022015579945280594 0.6709083392721673 0.7411275869560883
1620391330.995494 31.13709422467324 5.993612510848702 0.1281500276499258 -0.013688680917551746 0.02308962239458082 0.6849317284100469 0.7281126401658291
1620391331.2622132 31.16568512775686 6.385687830061071 0.12360993527944683 -0.012599875476358898 0.022114639494572524 0.7122878710737659 0.7014258154493438
1620391331.4622202 31.200106280979494 6.822633492369781 0.12348300430442878 -0.013532638959604432 0.02303183252763276 0.7407776053502566 0.6712189968886887
1620391331.662233 31.184994874542323 7.127444037723333 0.12251661559256177 -0.014221884912154504 0.02204641169080855 0.7687425353368748 0.63902003731055
1620391331.862236 31.1389748073979 7.370569457283117 0.11508467035785498 -0.01522267435758055 0.02306666401008241 0.7933249398300185 0.6081708140316366
1620391332.062241 31.079884770446522 7.56415686312003 0.1154433834475824 -0.016294790136476906 0.024930594285775504 0.8034579044034984 0.5946161292244091
1620391332.262248 31.01767915016016 7.745405852414698 0.122242631316454 -0.01844343894619539 0.025831223497430732 0.809360548615335 0.5864538258011734
1620391332.462264 30.960519688932152 8.016201768415076 0.115070462714499 -0.01521205923152856 0.025514262331990754 0.8127907943444443 0.581797851749029
1620391332.662269 30.90622983296738 8.271927569933558 0.09972115083775214 -0.017349550559139375 0.025773527126172386 0.8081590476751648 0.5881442612615768
1620391332.862269 30.869205050443924 8.467051788522276 0.08073364982560514 -0.016674708449419227 0.025730741769833993 0.7937031383843448 0.6075320659391404
1620391333.062278 30.834766624438117 8.674434507797635 0.08608236345321563 -0.015055368910714741 0.027414317587416873 0.7859593429163347 0.6174866009396991
1620391333.262294 30.89597136941968 8.785474238624602 0.05070020725594857 -0.011860392627687106 0.027033280169554055 0.7855225626771943 0.6181284950351382
1620391333.4622993 30.83467821727792 9.114965898038472 0.02559340362010841 -0.011270246939173076 0.02320122778767704 0.7905997492254566 0.6117897687008665
1620391333.662305 30.786139564499706 9.126530283051908 0.009397997792263111 -0.012808367098852632 0.02163613390095508 0.7911095686331159 0.6111574869528648
1620391333.862306 30.807349862347674 9.305949061541849 0.028069006409628984 -0.012705715081246495 0.023004108535086817 0.7948736858150593 0.6062055751911886
1620391334.0623262 30.78901247759933 9.565790584521178 -0.022481654821909686 -0.010945490616058484 0.022443081472551002 0.7971014722495234 0.6033288881415653
1620391334.2623281 30.720540575969505 9.793953133283235 -0.006452742880621097 -0.0145243647359115 0.022529992572647695 0.7998118422782884 0.5996519483953966
1620391334.4623291 30.74232294123202 10.020346873423556 -0.08824588006201498 -0.010430339242373193 0.025510688153377436 0.8014264693920679 0.5974579708818638
1620391334.662337 30.73442827302365 10.23553613768685 -0.067986272774259 -0.01377044648733294 0.025255557921004167 0.8022134872645716 0.5963439045112521
1620391334.8623521 30.80397122961564 10.373780711029305 -0.07588928737891205 -0.01182673723220587 0.0267166625041199 0.7940986918170998 0.6070861684182512
1620391335.06236 30.865005028965005 10.453288903205822 -0.08486098152562153 -0.012330090527533496 0.028359894371951314 0.7750512887999834 0.6311411767486296
1620391335.2623632 30.91876430682196 10.697476982737385 -0.0709478438320977 -0.013612835652904071 0.02711843197552972 0.7555695149104297 0.6543653333498917
1620391335.4623692 30.983751211344178 10.90209833708683 -0.05660516670627085 -0.009334779318531513 0.028799444896630475 0.7469343718053117 0.6642081737557631
1620391335.6625013 31.027167667201685 11.090012284116973 -0.04147257721698119 -0.010220166557147078 0.025691156486208483 0.7408180836767305 0.671136409063714
1620391335.862508 31.047541114163717 11.092091762731263 -0.01880394558223288 -0.009972877833894056 0.02519728140376862 0.7439394025916867 0.6676973895325168
1620391336.062516 31.11352117138704 11.104076696719346 -0.02120491436995054 -0.009950772904286243 0.024607391164023322 0.7530702184543597 0.6574045212007802
1620391336.262523 31.196458347563723 10.982230570958263 -0.03684930426761157 -0.00956956048507514 0.024691238476322964 0.7518142088588144 0.658843047783035
1620391336.4625332 31.26200909113136 10.712542805131918 -0.016244761330394628 -0.007493088930694913 0.027135080321499534 0.7413088160925136 0.6705734711552329
1620391336.662539 31.32573341952176 10.79641058043932 -0.01714226492401848 -0.011163643893443357 0.028463787694172325 0.7388765429276914 0.6731468191678449
1620391336.9291682 31.3969411180726 10.948442512998604 -0.03487511396856051 -0.007785761892574923 0.026428957029391686 0.7414525319458511 0.6704394342612988
1620391337.129173 31.405633055639782 11.250449006683787 -0.028583594627013764 -0.009822688198845839 0.02231446728523521 0.7501184738741064 0.66085388286558
1620391337.3291893 31.437625334324046 11.32679465924463 -0.024818428758463677 -0.008427059939950837 0.023102038538856895 0.7521259789206692 0.6585603938198394
1620391337.5959392 31.489293012805177 11.58171435200294 -0.022262193298676354 -0.00843046161089468 0.023221128670690858 0.7572620889535375 0.6526437275676463
1620391337.795948 31.51791433571774 11.66160592950269 -0.02380112847705814 -0.007879787808787396 0.023531090633978048 0.7571565501381325 0.6527619438202292
1620391337.995959 31.548519215370565 11.736439274079048 0.006656269168796844 -0.008766219391936208 0.023740863067152743 0.7587972211671746 0.6508350804671975
1620391338.1959682 31.57177013101381 11.715033700549116 0.010673140655097299 -0.007536930887035774 0.021062578020816507 0.7601403849216583 0.6493736656890531
1620391338.3959692 31.599467394021246 11.793660966762092 0.012238486109664918 -0.009173579128070052 0.0229937868856713 0.7607511130874852 0.648571410984286
1620391338.5959792 31.59892249499421 11.925637159834617 0.04567537019166317 -0.009098387865162719 0.018089652489287202 0.7639215577964968 0.6449913467203965
1620391338.795986 31.633631702484237 11.89952122929493 0.044465222184514486 -0.008945645075016386 0.01789663416020111 0.7610832510050242 0.648345564463044
1620391338.995997 31.64395151499056 12.172075726653164 0.013602482079975985 -0.008330660091616982 0.019309762770737395 0.7622070200974239 0.6469916473013594
1620391339.2626262 31.79856476347797 12.354382617485335 0.0357395520973301 -0.007122573158272353 0.021131186151876737 0.7452825963355969 0.666375714985237
1620391339.462634 31.961493341265125 12.386801097846384 0.04964289124525965 -0.007733341229346263 0.022650703744415204 0.7331378341184284 0.6796587800042586
1620391339.662666 32.06153982056311 12.677149627495474 0.10248063380888536 -0.009875571185233738 0.024440066644577478 0.7462272662961875 0.6651691689124485
1620391339.9294002 32.091377051931126 12.53612897952735 0.16810725125298148 -0.009999928909574489 0.026128823630304655 0.7504052856819389 0.6603856397723045
1620391340.1294072 31.96862198706417 13.246467749044337 0.1855858327613293 -0.00979629995785645 0.026080600506848472 0.7756304335394629 0.6305721729913243
1620391340.329414 32.016805244124285 12.75931147455742 0.22841380032795505 -0.010324655145463959 0.024888827848815808 0.7656445489391283 0.6426992861545354
1620391340.529428 32.131493316804445 13.475436606689604 0.24094161561114674 -0.014139598775662853 0.025385115463222 0.7795550679767633 0.6256593031757631
1620391340.7294343 32.090126521371204 13.373146092064525 0.32354685518146364 -0.012851743490808847 0.025865612459076894 0.7808828843893822 0.6240093938782716
1620391340.9294353 32.12363597987438 13.591728666080993 0.2555091900989735 -0.014125484331584025 0.02142333317788056 0.7763695605729184 0.6297553627425677
1620391341.12945 32.251532212908685 13.783419202795123 0.3105860228122869 -0.014970509464080385 0.01925036541935388 0.7738398275989753 0.6329117067162401
1620391341.3294551 32.232275322702414 13.932335836311816 0.24403577635965154 -0.01517690153726285 0.022231477627500593 0.7726017983548537 0.6343200172155542
1620391341.529459 32.242885287174346 14.053549401991905 0.2466434003209049 -0.0196626961269528 0.01946851276398743 0.7679006820721348 0.6399710132999863
1620391341.7294652 32.1928712085974 14.251778012353322 0.25336257907419724 -0.02316187661568437 0.013221971784657909 0.7530054512419945 0.6574735715851541
1620391341.9294772 32.17878126500721 14.44599727893936 0.256602743020928 -0.03265560927588479 0.007724238316274 0.7424897487066363 0.6690163827517034
1620391342.1294873 32.16814185517236 14.698841876758578 0.2477824216287344 -0.016458497964407643 -0.004297493303869872 0.7554424536382962 0.6549941592383345
1620391342.396113 32.111900429777506 14.876291912822387 0.23061802978293136 -0.013909858907897437 -0.008275825494806781 0.7712258580643842 0.6363557985825692
1620391342.5961192 32.026505838384054 15.201131748554449 0.2454790899642591 -0.018276161005988452 -0.005248038254637165 0.7763014247029724 0.6300750257205359
1620391342.7961292 32.05440536321313 15.272884984164602 0.2507388691431086 -0.01966454340524908 -0.002953597776044328 0.7703087388516255 0.637360987856109
1620391342.996143 32.15995625353904 15.142375697710738 0.2387954088502592 -0.0247111308945546 -0.0024011752466703965 0.7501341866279685 0.6608194128645632
1620391343.1962712 32.1604469823066 15.341797156580803 0.2487476360253456 -0.020956721306435264 -0.004667020393459984 0.7363362001660749 0.6762751178899611
1620391343.396279 32.188748913194196 15.439105095214508 0.2672307243118294 -0.018450651225688192 -0.005670648289938734 0.7187670447470558 0.6949829872754529
1620391343.5962813 32.18101854891023 15.64942948899012 0.26919561530128844 -0.019208119882739943 -0.0080063631956857 0.7091119610918848 0.7047887434648769
1620391343.796298 32.18826151663517 15.885617688883693 0.27095552991704425 -0.0174322282427576 -0.007783714601641651 0.7094196316492559 0.7045277265200798
1620391343.9963021 32.2287923996116 16.03048791607904 0.28527586083572637 -0.01682925587398208 -0.0085874934666837 0.7100075053324822 0.7039406036546367
1620391344.196305 32.26510589636456 16.193168710077472 0.2980211689058764 -0.013947553117985968 -0.00811909985679275 0.7104096142075983 0.7036033868738591
1620391344.3963122 32.31300910350688 16.34627336747239 0.30780827981573783 -0.009268217629274225 -0.007824412738807037 0.7104840809624035 0.7036087331789544
1620391344.5963252 32.569037620252594 16.271480429121496 0.30880678374769094 -0.009722689279264514 -0.013387833916057159 0.699214402875006 0.7147205426093506
1620391344.796326 32.571962708005074 16.514428316983942 0.31832381689323674 -0.010665767747321074 -0.008984145403621288 0.7008731692425783 0.713149582601732
1620391344.996341 32.60246988295964 16.730702732721273 0.3191590709973027 -0.011195268808131617 -0.007745802575837326 0.7029391517410073 0.7111196927717787
1620391345.262973 32.450968598218395 17.19232058294654 0.33310728258728445 -0.013341945783104292 -0.004485092524338323 0.7166176887545721 0.6973241459975501
1620391345.4629812 32.62950616798815 17.137034564896094 0.32037784124565155 -0.016652264400041958 -0.007765630704916346 0.7236524524623194 0.6899199410908077
1620391345.729734 32.38998621605911 17.717126680461636 0.32403276037113554 -0.017448765669802177 -0.010248641921954885 0.7622433819781258 0.646974135916687
1620391345.9297411 32.57706551819041 17.656627279852774 0.3092188920151828 -0.01787417369860545 -0.013398806566396816 0.7652261720492098 0.6433738349570386
1620391346.129764 32.69035780031456 17.74916246597355 0.28095480435420717 -0.016539535591286857 -0.011257906325658033 0.7702377450857577 0.6374429538021391
1620391346.396383 32.58765239245272 18.107822861103678 0.28354228712679097 -0.021021366655794203 -0.0112719752798947 0.7743967933285247 0.6322504655584607
1620391346.5963922 32.57043027371984 18.294403493212005 0.29549648958093766 -0.019803895272494525 -0.010263870944001005 0.7765344705548357 0.6296798192133595
1620391346.796415 32.527299448627296 18.50768130210953 0.3116191468170296 -0.022914775183786467 -0.011518241012197672 0.777840165261301 0.6279386279786353
1620391346.9964192 32.487217148044245 18.722674274303923 0.3101355069833539 -0.020826755124910785 -0.014069404456802903 0.7808917745138056 0.6241605038970497
1620391347.2631702 32.552352946461056 18.83649770340416 0.30677960711927743 -0.022358492849060174 -0.011612783285909738 0.7775480237150749 0.6283186388113969
1620391347.463175 32.500967602148876 19.08421917565857 0.3087025806219213 -0.02585983420598336 -0.009673662828740017 0.7796443744325825 0.625613569735408
1620391347.663188 32.42394903271485 19.348106643096926 0.30728081518478034 -0.026420564300002718 -0.008194858947610342 0.7833811375053626 0.6209257535879946
1620391347.8631902 32.331514512746665 19.60239004261947 0.3096096321376038 -0.027995678950280475 -0.00862803738274353 0.7889548491283533 0.6137524297035224
1620391348.0631952 32.280536066006725 19.821912044825297 0.30767279797073 -0.026211220039095026 -0.009161933020327277 0.7917828521660141 0.610171243129593
1620391348.2632022 32.22301111678208 20.04723248766622 0.31263693942576837 -0.026512526408971164 -0.004968218868963433 0.79362379964737 0.6078105522093277
1620391348.463222 32.28149278534163 20.12513565529113 0.3189174264988436 -0.026914524717689608 -0.005787113373010777 0.7908604567062744 0.6113770160019394
1620391348.6632242 32.165146801423745 20.38959374789061 0.3521314940671136 -0.024857801006166764 -0.004876326931745493 0.7939507108178249 0.6074541793054902
1620391348.929851 32.01162559751967 20.747193340853553 0.3464900294141415 -0.02206541967877979 -0.006531226766054932 0.8010662965968826 0.5981331363391316
1620391349.129857 32.12828332208288 20.794690418607203 0.3363087958775476 -0.022848883328017638 -0.004850627412170538 0.7989980384687114 0.6008798003482321
1620391349.3298762 31.957485767141765 21.120861271823397 0.3443362784978265 -0.024677413104301882 -0.005938390974386017 0.8046383440855205 0.5932224675628843
1620391349.596627 32.030770092712515 21.239086149088838 0.3411005920479869 -0.023791235240520545 -0.004770178242471518 0.8035845525925642 0.5946957956458471
1620391349.7966332 32.075188146568124 21.33883472976248 0.33795603281731457 -0.02329608908294125 -0.005121504686467056 0.8016907077430151 0.5972629835681018
1620391349.996638 31.950794405227477 21.59798728378853 0.33575645159875916 -0.021605723670049808 -0.0022835034061876 0.8040246975381604 0.5941988421938564
1620391350.1966512 32.05059517743712 21.66872266997473 0.33061633507255517 -0.023882264879315936 -0.0007011195848941115 0.795687230066483 0.6052362991127491
1620391350.3966553 31.86074289069781 21.995324971677242 0.32879754285308105 -0.02727390557984171 0.0012921578213083798 0.7971709525906324 0.6031359189663013
1620391350.596662 31.80818115518247 22.196449027201044 0.30320101636580354 -0.02647014099038748 0.0028121275410686996 0.7853077263734795 0.6185331021633476
1620391350.796668 31.871714330157165 22.340757744855292 0.29052109576174656 -0.03163469123561672 0.005444266055361072 0.7705637898257107 0.6365540449059344
1620391350.996681 31.59082658450496 22.760057798080386 0.2593920539488905 -0.03247938615901497 0.006161517515550899 0.7788028228545066 0.6263970691898004
1620391351.196682 31.58888433605331 22.908447419539762 0.24167109931134806 -0.031185544340913536 0.009340745930978452 0.7876949246474043 0.6152047772679963
1620391351.3966873 31.62078967095585 23.043672781137538 0.2158264997407421 -0.024158661555106486 0.005988120181813744 0.8016821017303823 0.5972322071461488
1620391351.5966942 31.554781686235515 23.277300299262045 0.2123046244410765 -0.025416791529045836 0.008035641977705453 0.8091910025647437 0.5869406584430289
1620391351.796715 31.56271856345828 23.447806546592318 0.229143764255366 -0.02382190960347025 0.007768898955463802 0.8064073857837467 0.5908293230571736
1620391352.063338 31.692014523863048 23.59409400225885 0.22892959043019204 -0.0220087426983 0.008593472425284174 0.787890510586185 0.6153619348024171
1620391352.263345 31.785611955216226 23.722160257190325 0.23714599367301006 -0.022132209734193668 0.007201713044443376 0.7801816466620991 0.6251199075634836
1620391352.4634812 31.95399661980663 23.75962914728877 0.2360014668064124 -0.01884142281901197 0.007267832938454711 0.7741572601459655 0.6326710961889347
1620391352.663495 32.01620754583785 23.87268371523049 0.24974674028653446 -0.019043897562863867 0.007200004554405237 0.7726277165633972 0.6345328214498827
1620391352.930119 32.08528266212836 24.080803669685164 0.2494037638358366 -0.014791538945441838 0.006542484939351964 0.7717938753468943 0.6356670671369993
1620391353.1301262 31.92771977669419 24.365806652155214 0.256605182022182 -0.01833265027568596 0.01039895938649484 0.776961368160258 0.6291953654971923
1620391353.3301392 32.325862301070856 24.263170509120208 0.2577895659256326 -0.01875399120878054 0.015717795612613862 0.764342586746 0.644345907723769
1620391353.5301461 32.20927926142903 24.54034549004042 0.27829568571721447 -0.015745943653732695 0.015418505520082013 0.7683186631750389 0.6396880229940176
1620391353.7301471 32.078181911457605 24.846710710852093 0.27408450676053664 -0.013794348476239652 0.011425721377807474 0.7741548721610264 0.6327427619100217
1620391353.930155 32.0596183831202 25.054733667032465 0.2596156071827013 -0.012802265594679396 0.010286197210982588 0.7750734551748844 0.6316576883288175
1620391354.130166 32.0552853298746 25.263670020514756 0.25539272064622887 -0.01407649583276919 0.009564837974477117 0.7778388553697236 0.6282333015813102
1620391354.3301709 32.09058787677108 25.428717088579507 0.24345505178674054 -0.011480004118310516 0.00837286232475795 0.7791050646831215 0.6267323215425217
1620391354.530178 31.8134581949842 25.806074650374335 0.24945281858018245 -0.014065330281610932 0.00769722464275502 0.788259677510035 0.6151338066044069
1620391354.730186 31.529184828597128 26.176067631891886 0.24937534840008205 -0.012372437807238441 0.005455282524054522 0.7971008628463737 0.6036947714895224
1620391354.9302013 31.425035791529254 26.43084256104379 0.25095529856678017 -0.015469932609440275 0.00976168654358556 0.8013770428770609 0.5978797753808052
1620391355.1969502 31.40142990567419 26.693506098860194 0.2569909382657753 -0.0152028255603465 0.006613116096713961 0.8051331171896069 0.592862382340029
1620391355.396967 31.40576719662101 26.866601319551002 0.2608605919547126 -0.01784670656393632 0.008765957453743175 0.8050211734127156 0.5929127789235333
1620391355.5969722 31.42996014733779 27.02702561554457 0.25375497966417926 -0.018264361159744103 0.008431954817225277 0.8040845931925799 0.5941744543806867
1620391355.796979 31.467039339184325 27.18576593410343 0.24805816587920054 -0.016305200467378215 0.009886901520944881 0.8018711980296985 0.5971925747908616
1620391355.99698 31.4004872272672 27.41965885711528 0.2440219333492841 -0.015961146436309834 0.009547777024343063 0.8032757805548744 0.5953168082048146
1620391356.196989 31.49439629829036 27.550028556364715 0.23818250742196986 -0.013847843921979778 0.008697588308133395 0.8013878414289628 0.5979214971758864
1620391356.3969932 31.384482341892024 27.8100431875432 0.2429722630970082 -0.013778163726884365 0.008598801942416466 0.805172711499314 0.5928179547425824
1620391356.5970101 31.064393951924558 28.17995245487788 0.24002131188823875 -0.011699422103766588 0.004914849811580883 0.812525309299278 0.5827877739972719
1620391356.863634 30.814900399946342 28.54753730340077 0.23513040301430316 -0.014909608796146548 0.005986504843669014 0.8165586227073419 0.5770388903760076
1620391357.0636423 30.81412143783557 28.731918444726904 0.2246061864780787 -0.015670250729161145 0.004507882226649857 0.8186913422070745 0.5740022721504334
1620391357.2636561 30.735429599303725 28.946870682902727 0.22806497249538146 -0.015991811669080872 0.006606273703262242 0.8169248896701126 0.57648446964645
1620391357.4636672 30.65544893240921 29.160489395173766 0.22587797972885554 -0.012646193432691287 0.005729053284891799 0.8103563917709302 0.5857727972985304
1620391357.66367 30.57935128456829 29.3858019480816 0.21430612880238573 -0.0023790915620839586 -0.002174573907052277 0.801497982518366 0.5979887918427407
1620391357.863678 30.558514687463212 29.603520098343566 0.23095373681612175 -0.01111100455938288 0.0061154307058240015 0.7920911291337717 0.6102710793012339
1620391358.063811 30.58806508170322 29.77655583427182 0.22100944220142785 -0.007002747788127908 0.005186696475063655 0.782691847144233 0.622348400910644
1620391358.2638233 30.578456755745787 30.02038346158233 0.20748656955128006 -0.008763662790694859 0.007413712687028288 0.7828094666375925 0.6221555866664265
1620391358.4638243 30.559123284147713 30.252887733557454 0.1964888480903324 -0.011401754601411945 0.007410528934096666 0.7824638140615282 0.6225475594171137
1620391358.663827 30.576861401781844 30.464027443754905 0.18025512076298522 -0.007966035096814008 0.008772052328144563 0.7853634690363172 0.6189214933131699
1620391358.863846 30.494518105759578 30.72620777998958 0.17153124972387598 -0.008274557046194559 0.008671005106899223 0.7865444085415597 0.6174173942861495
1620391359.130471 30.476104985277058 31.04888575779788 0.13166110127840785 -0.010326421350092386 0.012567317155517645 0.7873094755400925 0.616343424792829
1620391359.3304791 30.457403920752313 31.27527045307636 0.10028985957758303 -0.012495231623642739 0.019230660162006592 0.7954218270197975 0.6056221330134768
1620391359.5304902 30.435997715371577 31.519759255543576 0.09628745974471106 -0.010515041885010182 0.016830216088582192 0.8083619315785798 0.5883512261344644
1620391359.7304962 30.51273809562053 31.708622329848005 0.0677162385420388 -0.0053301602865095 0.01580365431205108 0.8129347949745939 0.582115841581464
1620391359.930504 30.32017206609616 32.043447194623525 0.06713996120474144 -0.011654210217995615 0.01862218430558826 0.8188916992916819 0.5735274871057084
1620391360.1305082 30.014190216840344 32.3898270838214 0.058489057825037515 -0.01257390172006703 0.01622143145984177 0.8251255591737855 0.5645764551889706
1620391360.3305151 29.933041198522677 32.62048043473148 0.06491070050677808 -0.012202865378532355 0.014858867899392506 0.8282904556691579 0.5599689501814514
1620391360.5305233 29.911860661554623 32.85978789383782 0.013924483212456975 -0.008022811714900123 0.013112961903731464 0.8336687912950864 0.5520507505125511
1620391360.7305322 29.951633217991787 33.09207120787257 0.015558206062160134 -0.008497610287799199 0.015234818203384844 0.8363235597245212 0.5479585699502856
1620391360.930537 30.031571115750573 33.297175182799386 0.006604288354626043 -0.008646346754709482 0.014499545765009909 0.8396458148905832 0.5428719088290039
1620391361.130538 29.753078739637253 33.59892504995232 0.00474202437552828 -0.013125848081950987 0.014924626842652325 0.845037614946955 0.534337343771655
1620391361.330557 29.937112144838657 33.612673749277434 -0.00684075410469912 -0.016191669031239805 0.014136655917275538 0.8431340645259487 0.537273611903543
1620391361.597309 29.928637805239973 33.74118771446192 0.024635310493044973 -0.025153363497673577 0.016407054610136525 0.8433274180998938 0.5365603253532608
1620391361.7973173 29.884728897530984 33.84012795575126 0.06718734754788513 -0.029669886190415575 0.019056021357660952 0.8450403570276485 0.5335385280338041
1620391361.9973242 29.59910601211081 34.14199290129597 0.0682478439184702 -0.021734630438403364 0.012798941996484407 0.8524685384206515 0.5221696888223
1620391362.1973362 29.47265945056252 34.34582526738097 0.0615065286451902 -0.02110617190330337 0.011885782464765782 0.8579456727324846 0.5131690562774222
1620391362.3973372 29.433187239551014 34.54028688500212 0.04267325648103043 -0.018494856562550514 0.00929412012827589 0.8602477310569134 0.5094559851659776
1620391362.59735 29.25512543650027 34.76656441424855 0.05554259018376658 -0.021423419169138376 0.009803168950869898 0.8643580738109407 0.5023246512223252
1620391362.797353 29.09654002929019 35.00490548225163 0.035526063082898615 -0.02051332292298626 0.009304167633125967 0.8677102103662504 0.4965597918409093
1620391362.9973702 28.812459287155335 35.263643728149155 0.025177047560377662 -0.018674836795459955 0.007313274048606248 0.870774112774916 0.4912740691447405
1620391363.2639942 29.387492603532927 35.30861522101491 0.03613420144226048 -0.017530953652342505 0.008450511125030835 0.8632431171754592 0.5044130997239543
1620391363.463999 29.590212549837556 35.41630969051745 0.035671064137009996 -0.012607095248739144 0.007286047389445575 0.8486201060865189 0.5288023167563578
1620391363.664138 29.277458662279514 35.73389566383807 0.02181363399174574 -0.016350422973675106 0.007621660242749939 0.8359207278179607 0.5485536534984615
1620391363.930771 28.912238539216 36.119431063166665 0.010027031608794626 -0.016650503934235915 0.007903448597813455 0.8280121544028137 0.5604071451889011
1620391364.130773 28.624028056130292 36.38934825588032 0.01196488947963843 -0.018832725102172616 0.00940825358746734 0.8294694515639194 0.5581552133147689
1620391364.3307831 28.71509894386176 36.55766999126484 0.01493316405032835 -0.018020005919556083 0.010725160188858161 0.8289013389730093 0.5590016284170188
1620391364.5307972 28.685538243369734 36.75681844745828 0.018384863481467995 -0.017525509591407577 0.010785733517651065 0.8294146182517153 0.5582543465974473
1620391364.730797 28.534610028730942 36.994143475243106 0.017545481742821945 -0.016079983022234356 0.00994153945909461 0.8314173517431194 0.555326739098844
1620391364.9308062 28.466519459614823 37.204450261875195 0.01913773770772737 -0.01570659540361725 0.00908814706936896 0.8318580160055797 0.5546917609352364
1620391365.1308103 28.461344556556444 37.39580686386647 0.02366458686542764 -0.013479753066337426 0.006398256066557648 0.825086425553881 0.5648094802159928
1620391365.330833 28.19198246123504 37.64827903300014 0.036341976359449885 -0.01309904743621829 0.0072856475134566905 0.8205639337264998 0.5713581757203305
1620391365.597579 28.236802985993293 37.92449102209499 0.03141257721943772 -0.016958857045546716 0.01183398545625268 0.8226183703253166 0.5682177142238903
1620391365.797586 28.1460634221544 38.133761809293404 0.008488963832175008 -0.012447365574545741 0.007314885566259825 0.8328596082892339 0.5532959681925961
1620391365.9975932 28.065001940369207 38.37521067411967 -0.0013083393863698096 -0.012917858827565385 0.013063036724893479 0.8427004531309792 0.5380691705403993
1620391366.1976151 28.137404278512353 38.63434699924389 -0.0256463593968712 -0.01809702250607165 0.016988485709713803 0.8444939790330666 0.5349895405565696
1620391366.3976269 28.193134477793578 38.78923135366157 -0.011444968233313898 -0.01891249417521802 0.013428633079134274 0.8426879628353687 0.5379023951131079
1620391366.6642401 27.948423517982818 39.044755451594334 0.019158479659948 -0.017957478316003937 0.011879007724207037 0.8444620909191197 0.5351823942796001
1620391366.864251 28.038791748082573 39.23957070984142 0.01196635234028273 -0.01891198185479533 0.014809103293202822 0.8432920598366701 0.5369185498906937
1620391367.064254 27.936328171104275 39.457652564685716 0.03578083899084779 -0.018532480355725973 0.011763917805693993 0.8451052002593454 0.5341491906786311
1620391367.2642581 27.86082994954742 39.65816490550385 0.009379030168605407 -0.015051164573178509 0.009239761909559463 0.8496944000728803 0.5269796160458887
1620391367.464273 27.785058428729645 39.816479164880604 -0.003673910144930672 -0.018572260075015112 0.011221980372452717 0.8529867793769446 0.5214812484822064
