1620391275.792211 0.0 0.0 0.0 -0.03020331176422013 0.012233831173980463 -1.0847782921226098e-19 0.9994689056360282
1620391275.992338 0.024702802720123054 0.007083677374171331 -0.020708577384454942 -0.03032453048347685 0.06750576371026071 0.0003143950830371056 0.9972578883481358
1620391276.1923442 0.16540471681737381 0.007814948275044187 -0.09316329538059517 -0.01921659031634092 0.13378162052975628 0.0019490647250852997 0.990822588464627
1620391276.392352 0.3814476829400929 0.019129308614582455 -0.2255241404067123 -0.019322564979185983 0.1398187859683895 0.011350966656826384 0.9899234824616024
1620391276.5923672 0.6875582983879625 0.04066524316992448 -0.4044682137767962 -0.019504467429050928 0.1483725116031625 0.02130708679743373 0.9885095758782942
1620391276.7923682 1.0777647651358686 0.07385167291474995 -0.6311042405393457 -0.02121967005553336 0.15634539122716 0.032244443703520864 0.9869478912764398
1620391276.992382 1.527349084076448 0.11682308923506257 -0.8946045130381804 -0.026145789793992357 0.16287712954493117 0.0364596501189244 0.9856257566949318
1620391277.192382 2.092947569081615 0.17008399126108012 -1.2245367033448145 -0.030073680324115757 0.1655209601590567 0.029067338460826767 0.9853189713664254
1620391277.3923962 2.7303815171274333 0.2287534897692128 -1.589466403729539 -0.03202355107017609 0.17117531579160403 0.019567416910651295 0.98452558099622
1620391277.659028 3.731341473132801 0.33007895300234164 -2.159970531585913 -0.03224265359552425 0.18390137414423635 0.03411511527644439 0.9818232299078362
1620391277.8590422 4.580590338262516 0.4319924862043815 -2.647975283742992 -0.02786328288778548 0.19187914234966896 0.06465878430157408 0.9788898169919396
1620391278.1257973 5.918417676609756 0.6254097125878897 -3.4099660004542915 -0.026695155776461546 0.20114849211707106 0.1035588640765714 0.9737054043437728
1620391278.3257973 7.013199281023714 0.7957680604220673 -4.026382399168395 -0.02524030905302809 0.20501397732111026 0.11806499558765655 0.9712841256392352
1620391278.5258062 8.221692070525979 0.9971858440070414 -4.700137966809095 -0.027626835655660518 0.21470932840120294 0.13117762697745472 0.967434283261516
1620391278.725811 9.539130927173357 1.2262698649206465 -5.434909635285523 -0.026742616616148573 0.21543835034047193 0.14163802987253027 0.9658208002279338
1620391278.9258273 10.967072026789095 1.4853362149595997 -6.222660637819096 -0.02880717324777843 0.22336186754235474 0.15078693304592675 0.9625709967166406
1620391279.192454 13.026596359571055 1.8776561166322967 -7.354229993068516 -0.02940503833563132 0.2324629249376793 0.1660181208364727 0.9578801155697017
1620391279.3924632 14.721646726724519 2.2112961244202767 -8.285380474328194 -0.02984359478672772 0.2408608875851557 0.17901291203090103 0.9534410154844994
1620391279.592468 16.553715672259354 2.583840981024805 -9.29512552332677 -0.030360581214780694 0.2475683718947779 0.19141566253932263 0.9492882494165312
1620391279.7924821 18.49399435472666 2.988885741427021 -10.361506876571939 -0.029916089269331862 0.25427071055948225 0.20362756778575933 0.9449800246524058
1620391279.9924831 20.577146080876453 3.438967566316544 -11.502263949251551 -0.03065299043153972 0.2613365553239895 0.21589958125976347 0.9402930233926305
1620391280.1924891 2.8013380319587 -1.9602198625529188 -1.3975186673660718 -0.016674464672112893 0.14429883867245555 0.22078922005794366 0.9644438437212838
1620391280.392497 1.2560017836035993 -3.1129642050725814 -1.8424791389952728 -0.01320603885641349 0.10034534208828993 0.23122799354867205 0.967620807888277
1620391280.5925121 1.3086392831285836 -3.6023225032931827 -1.8048615287738845 -0.017858983076328036 0.0895690524870458 0.22308663536424966 0.970510584528531
1620391280.7925122 2.3921315931807015 -4.091491209996386 -1.6143689630961406 -0.024071157358776324 0.08538592152253975 0.21015492243732384 0.973634804413091
1620391280.99252 2.649316052672507 -3.7852657526555182 -1.1077729308161088 -0.022164963465772302 0.07622283946962086 0.21200424109354565 0.9740395242987314
1620391281.1925273 2.943410038642862 -3.881141585671744 -0.7655704804459513 -0.02820705851986846 0.06869200297182508 0.22175551245337477 0.972270673873236
1620391281.3925393 3.3934569575386293 -3.9507942216065186 -0.6410678426315689 -0.03123179818212235 0.0587720669872224 0.23018054978773106 0.970869369907084
1620391281.5926652 3.672906787298457 -4.235649160058621 -0.4619216879495073 -0.0357909263846114 0.05797811633570644 0.2381212968790585 0.9688425029834984
1620391281.7926722 3.6681555683365006 -4.430009971760935 -0.38535565043044256 -0.03892240116164996 0.051240828419507216 0.2473200132455851 0.9667948258233998
1620391281.992681 4.017023239318781 -4.39884504766465 -0.38671439159633 -0.04121652280662836 0.0511323424241816 0.25597668215997293 0.9644493869541934
1620391282.192692 4.348206848124636 -4.471532123631466 -0.32332596736168406 -0.03822939519454733 0.05632630166564685 0.26629075500714794 0.9614858786698082
1620391282.39271 4.751084164939273 -4.482042799504016 -0.19317885464387868 -0.03910859071967078 0.05703392773815049 0.2848207239317296 0.9560830531066252
1620391282.6593323 5.297351801692993 -4.091155085223975 -0.16039492864529803 -0.04035974958342809 0.05597428284115912 0.3289619230097764 0.941818466310621
1620391282.859337 5.708275381663335 -4.221356854959258 -0.1393092254026368 -0.04157282764957517 0.05983897419151461 0.35318757891838504 0.9327108508357213
1620391283.0593512 5.9754229303431705 -4.0730640360837835 -0.06695891996572695 -0.044730089215452164 0.06057309516409886 0.3637329768211968 0.9284548674188798
1620391283.3259783 6.5089632664002846 -4.1179872063987615 -0.2451209988824142 -0.051463199330783874 0.06626190899067576 0.3777882265588853 0.9220829433435171
1620391283.526112 6.360267361815929 -4.3385090477506765 -0.14597826749420081 -0.04322540238745092 0.051717758626811904 0.39102314187933696 0.917909440274951
1620391283.726123 6.409791846226088 -4.692582879232668 -0.12715274629391432 -0.04751487225209505 0.04605569067922179 0.3994170229191821 0.9143780684559886
1620391283.926124 6.543250264315013 -4.845364239733321 -0.10915462199903053 -0.045614070283240396 0.041724032098207776 0.40158164015181824 0.9137344515944654
1620391284.126132 6.819909611923018 -4.78132834431938 -0.10494431616430208 -0.04822641034593389 0.040524763643080816 0.40832032867075424 0.9106626521775368
1620391284.3261383 7.185432441446835 -4.826434223295354 -0.1168370067788115 -0.0461196892457776 0.03842723902345575 0.4106468329502854 0.909816190311432
1620391284.526153 7.523420002861092 -4.796126446285145 -0.11290326565000927 -0.04445359326443472 0.039647491898659834 0.4110584019062874 0.909660895418878
1620391284.726154 7.703033969776347 -4.6891600810357055 -0.09447616327150002 -0.047385253730611365 0.03334780422154841 0.40183132710864505 0.913878627738165
1620391284.926162 7.898632391684954 -4.49492010472682 -0.09957962615233239 -0.050472509106686415 0.03233777935434025 0.39362871358789836 0.9173130489042668
1620391285.1261652 8.124546282966076 -4.3478937874337 -0.10315349589390287 -0.05320314278438391 0.02928961116557604 0.4061016801203354 0.9118075288563232
1620391285.326182 8.39868061793986 -4.253019290652804 -0.09151363490109328 -0.050837539325252486 0.02546053255090291 0.4144833898023808 0.9082790460290852
1620391285.5261831 8.533647260285262 -4.053886456355199 -0.10402639698404098 -0.04941884080043019 0.02546008128456033 0.41879363361618765 0.906378207415357
1620391285.726194 8.825231407536757 -3.733032253857328 -0.10780638490346314 -0.04926592922472825 0.02271806653808228 0.4336082643862559 0.8994668591595436
1620391285.9262023 9.115362247911747 -3.3384561414882503 -0.11563536865911272 -0.04882449503911429 0.02167051365814282 0.4465896435491971 0.8931429044652196
1620391286.126209 9.349990457660013 -3.081480675587028 -0.17348025889911964 -0.04703420137961418 0.018615921653258108 0.47031411524644 0.8810481623393465
1620391286.3262122 9.343526656229276 -2.9280813970751463 -0.1986211303756384 -0.049306795288640196 0.019775105164583796 0.4836530084938428 0.873646125458671
1620391286.5262182 8.758164157843801 -2.812400321247301 -0.17746465951546125 -0.04959886798397881 0.02616994629714082 0.4624714341319796 0.8848588920372684
1620391286.726228 9.849012086124096 -2.454832289133657 -0.17847706416666245 -0.05248950911295585 0.018048804740614245 0.5031510952106634 0.8624140928050895
1620391286.9262402 9.907377762708634 -2.057863744274451 -0.17428012760061543 -0.04857784488932881 0.01999404492962721 0.4827036466660889 0.8742068523230183
1620391287.1929922 10.199133662909576 -1.6437868166523455 -0.20126810218125535 -0.04623578041003078 0.017537006520761806 0.4854713806494598 0.8728529341088757
1620391287.3930032 10.423881227814833 -1.4127000801841167 -0.20683388187512422 -0.0421383249675541 0.014618623324685569 0.4911427628683197 0.8699364596929439
1620391287.5930061 10.573545610358355 -1.2118347044256164 -0.2051481428426213 -0.04861875422929424 0.014866933211947366 0.5094630864963358 0.858989263339007
1620391287.793019 10.68688789120788 -1.0079394047099794 -0.24360200346874825 -0.046959172685075365 0.013580347067385016 0.526730999777745 0.8486252789938559
1620391288.059648 10.97711919690499 -0.7620283437730765 -0.2939311197424742 -0.04577902308638756 0.014268989560709346 0.533116363218336 0.8446819639669283
1620391288.259663 11.104747374748865 -0.4626251944929016 -0.29418960177795506 -0.042124692877514885 0.01442263619635079 0.5418622082091888 0.839287105304129
1620391288.459665 11.212710804506823 -0.2419050178280291 -0.32851836230457826 -0.03729331882274173 0.014343324381174366 0.5512040193673775 0.8334132267069732
1620391288.6596801 11.438503710561319 -0.2321382808926218 -0.36919823014292635 -0.03409152450492828 0.010629376328076295 0.5514517758194758 0.8334420935262103
1620391288.8596811 11.570597733008944 -0.1718806699958706 -0.3897678018032614 -0.028976403506571706 0.008131740336427091 0.5666768541143216 0.8233902998275002
1620391289.059687 11.683692311821888 -0.017754080195467505 -0.4000693980600969 -0.026815698643518977 0.009697306291573823 0.5660801781402732 0.823856851930979
1620391289.2596962 11.796775797913591 0.1645888284703697 -0.4017365811375847 -0.024329818665123633 0.008000599716510369 0.5679529106489376 0.8226624712561633
1620391289.459708 11.910499672434623 0.3607505579574444 -0.4083627036032521 -0.025807785746298686 0.006563784181293389 0.5692111856771696 0.8217600020882524
1620391289.659709 12.027125119864074 0.6139924442622632 -0.4073114515397321 -0.026234240170509283 0.005463074376970611 0.5762914664007135 0.8168047901516875
1620391289.85972 12.125971636704277 0.7799801087741978 -0.3939221087957302 -0.02750089727472328 0.007613992060173449 0.5801288641303799 0.8140247101757951
1620391290.059725 12.210384073906564 0.8783669143892997 -0.3591920947323505 -0.025973041778220088 0.006378116396654577 0.5621829214375629 0.8265803551839009
1620391290.2597382 12.288491115010208 0.9197273444163778 -0.34273775277609125 -0.0224070517812832 0.007238481824294148 0.5343423761330307 0.8449400886925985
1620391290.526488 12.404400988075405 1.1508518502710334 -0.33268636702971144 -0.025019328686587027 0.009030565577184718 0.5347736604537012 0.8445765886894909
1620391290.7265003 12.52399367859247 1.2707513106410608 -0.331177343612363 -0.024752412437248676 0.011081600388006199 0.5286488973900099 0.8484072486133668
1620391290.9265091 12.62999666063856 1.4257346031653808 -0.3224298576288424 -0.02569967983747517 0.011119268102910954 0.5268607882721391 0.8494901989513278
1620391291.193139 12.750531853528003 1.661292571413601 -0.32642000655038006 -0.026485613585483066 0.007327368075096017 0.4968745852938615 0.8673871502617185
1620391291.39315 12.844017448122418 1.855916782133228 -0.3298636942853561 -0.026473823554064097 0.012012287369453097 0.4897899341240041 0.8713556461338762
1620391291.5931542 12.951623265508397 2.0357085578015046 -0.32204093176294707 -0.027074627195355486 0.011100205258477849 0.4916538787580851 0.8702989219271628
1620391291.7931752 13.097971331736833 2.2128519441306125 -0.3057770997975465 -0.02294117908596453 0.012159277484338447 0.4975619226594049 0.8670397842040932
1620391292.059916 13.24940048859425 2.447175152771514 -0.23684037492022825 -0.02207687523794675 0.0027091464283552605 0.5070558234399346 0.8616261741735839
1620391292.259926 13.361680806156295 2.538095108300765 -0.21051163220519142 -0.015722892737769528 0.0008133766241588807 0.5123650244170466 0.8586234394753863
1620391292.4599392 13.494875323842695 2.703497959749779 -0.20261586926027386 -0.018515880602712163 0.00413551177712374 0.5209487853128121 0.8533770695237552
1620391292.659954 13.563781710071105 2.934897571226992 -0.20674203102260166 -0.021102030000916514 0.0003009986386101407 0.5543182516547875 0.8320371924451687
1620391292.926577 13.600565923075287 3.1956211018087166 -0.19583245810556013 -0.024596202144869555 0.0018510588231560204 0.5937526490474045 0.8042694773336051
1620391293.126583 13.612910949580113 3.4103434904551126 -0.20059794265450695 -0.02904342553221396 0.0005909589015446997 0.6071162811321298 0.7940818291493786
1620391293.326595 13.650790371588009 3.572056384122391 -0.196445801544244 -0.023522620872404795 -0.0026623397310617937 0.6111480530449308 0.7911622182042306
1620391293.5933511 13.70324394843139 3.7955395048894904 -0.16274772318792033 -0.023715950841449063 -0.0016839063681971958 0.6046831517575548 0.7961111757258392
1620391293.7933571 13.753797746177966 3.9362522875729584 -0.15681981613471602 -0.02330067138285078 -0.004457346991454241 0.5983607347287017 0.8008755470769683
1620391293.993361 13.692799054183928 4.218178795367275 -0.1295641343205256 -0.022426961298169297 -0.005212717751689903 0.6135929991503761 0.7892866971983102
1620391294.1933792 13.776114917377315 4.393538358534143 -0.12616178105452233 -0.022386885048237104 -0.0029347181694245887 0.6137599631882902 0.7891697677903092
1620391294.3933792 13.902655709077226 4.619338241678489 -0.13470081922124966 -0.020603816120669995 -0.002109121424649699 0.619992971388412 0.7843339529798825
1620391294.5933862 13.979918708606561 4.779859779349109 -0.1652190652747091 -0.021851371789204405 0.0019911547633839548 0.6266782955674866 0.778969105111536
1620391294.793393 14.11534520299784 4.942644960307221 -0.20148351802435674 -0.021556951868500183 0.0015373288061425463 0.6303269050440479 0.7760289474136077
1620391294.993407 14.178635417134103 5.129001596460511 -0.2185830475267954 -0.01872340991112016 0.0010842419978173731 0.6351002128562063 0.7722020318353164
1620391295.1934092 14.244908955742984 5.35768836849667 -0.23378902077599004 -0.019052348996661046 0.001951696150109307 0.6465303590240706 0.762647817632787
1620391295.3934133 14.392802715889596 5.580290219443027 -0.2450155954976683 -0.01715077816186053 0.004333276635868666 0.6426337793872318 0.7659692546783596
1620391295.5934212 14.495241818862132 5.814825337308528 -0.24672900671605566 -0.020838559390695864 0.007837312202082435 0.6428747158526598 0.7656477197101343
1620391295.7934442 14.582465705800729 5.971865209166713 -0.2597976422758991 -0.021465743681527677 0.008157600124916788 0.6438930078660293 0.7647708609967024
1620391296.0600631 14.700452670040717 6.221485615362744 -0.26649635225821394 -0.018411387606001448 0.005567787931536179 0.6528731400517112 0.7572230078008653
1620391296.2600682 14.873056263068413 6.3594190827235595 -0.2613715246745071 -0.015759345673115294 0.008933842248849909 0.6560759970611914 0.7544773790954842
1620391296.4602072 14.991459813733684 6.346481367637844 -0.2825612924325127 -0.010878896584075752 0.009506689147774623 0.6645596218216828 0.7470955638435968
1620391296.660216 15.28464831765033 6.440303329725009 -0.26710727282786056 -0.01282421322655875 0.010226987245672987 0.6621747948399369 0.7491698668297357
1620391296.8602183 15.417526833300057 6.5226176852070115 -0.22595196732442244 -0.012580574946988547 0.011378333511068275 0.6692518963775089 0.7428419494452516
1620391297.060225 15.883577977310086 6.23384805671868 -0.19626229780641402 -0.012065701077612515 0.01228565962897375 0.6595284969507462 0.7514822972864204
1620391297.2602391 15.960762718154147 6.223444575612584 -0.15452752458168684 -0.012612656614060112 0.006603168891437391 0.669176158646102 0.742967420384887
1620391297.460243 16.172176719632667 5.927092278110825 -0.15969219362219036 -0.010963830589758701 0.0014426591424733684 0.6803169474801106 0.7328346089840062
1620391297.6602452 16.484917937952094 5.601484067182116 -0.13170802591449327 -0.013426027190562339 0.0024649363929967 0.6814777711915447 0.7317114959150638
1620391297.860254 16.680563371542604 5.545374310683243 -0.04979855508605277 -0.013099064185074602 0.00048498985414020254 0.6956173106888689 0.7182929321469768
1620391298.06027 16.8611357124016 5.565711926341055 -0.09547142313201458 -0.009992882081501897 -0.0004510640146820542 0.7154949275992136 0.698546310153275
1620391298.260274 16.97188861572355 5.771004191115771 -0.045227711101203674 -0.014679296523076544 0.0041090181188193076 0.7212469712606274 0.692510245896086
1620391298.460278 17.174916058151613 5.856413802968097 -0.029570432852268 -0.01438116357237173 0.001799324998113491 0.7132089769521986 0.700801612268874
1620391298.6602821 17.28829243509984 5.948775044288921 -0.03435801953415416 -0.01357471046645681 -0.002061436257372263 0.7000259359759963 0.7139854106893488
1620391298.8602982 17.478459500918188 5.9675721881348816 -0.023694341549319146 -0.012208608247781107 -0.0016220202796585067 0.6893605022390773 0.7243137558320641
1620391299.0603032 17.72680948685754 6.053117445403896 -0.004059623791232313 -0.01370025575473422 0.004296842473198768 0.6736280694358098 0.7389310280433474
1620391299.260305 17.917631265073272 6.049188868933044 0.07521937908570926 -0.022333401203719676 0.010527235211394394 0.657656871252222 0.7529129008087289
1620391299.4603121 17.995948705403382 6.360872772068976 0.06899191341566364 -0.0253881175159993 0.010734479460684026 0.6755204883507532 0.7368258167695136
1620391299.66033 18.284360742063186 6.192982685755543 0.07542746939947256 -0.02722286059963484 0.009629110493975437 0.6780485902550932 0.734449661545941
1620391299.8603332 18.395331131824346 6.50026781547655 0.10526920483633811 -0.029821563108393376 0.011531821682875055 0.6947675171584343 0.7185233389138798
1620391300.0603342 18.548995280706418 6.421768114636548 0.21380753258343482 -0.050203683189860654 0.008447477174483974 0.6869464658736001 0.724922605074037
1620391300.26034 18.66673555653141 6.450166433729306 0.2601221847377556 -0.054995271578160435 0.011395391025414573 0.6860787950202397 0.7253561554098765
1620391300.4603522 18.645649564398543 6.719556294974634 0.18487184050735858 -0.0750060168205681 0.012740828374636887 0.6837811532007072 0.7257100683196767
1620391300.660362 18.166764224619165 6.789646328059953 0.011260507769822542 -0.04253412093014068 -0.004166293311267407 0.6473875255083983 0.7609618140043928
1620391300.860363 18.244026153068187 6.992700121374048 0.02534908026211167 -0.04609379421751101 0.004083852839482999 0.6590481393348754 0.7506758516962273
1620391301.060373 18.39173448538459 6.9165568746505794 -0.06443610961366261 -0.04216919739329254 -0.0005741708287387645 0.6585439597059743 0.7513596224537485
1620391301.260381 18.480886274808306 7.055631450738616 0.08237070624573715 -0.04418984270592472 0.012777823099080855 0.6530031839471192 0.7559568947985049
1620391301.4603872 18.634996420829378 7.134474073544524 0.1117770773411611 -0.04204283461010425 0.004685137938519411 0.6548867070738406 0.754542146230696
1620391301.660391 18.63485083055949 7.445218442797071 0.1255521798577368 -0.03963021332773406 0.0012765631810261464 0.656135859026508 0.7536003921692108
1620391301.8603961 18.687567571719494 7.76439976592068 0.12896520818334478 -0.04992714480778802 0.004163877137999247 0.658607060059542 0.7508173431522791
1620391302.060537 18.693372796565317 8.083448097080494 0.15087417866197733 -0.047383852846230555 0.008154675522276193 0.6687733073644297 0.7419100586414863
1620391302.2605472 18.74712433748836 8.305313303044468 0.15355157928046306 -0.050033596067341604 0.008139258056175913 0.6714631364579547 0.7393021358828269
1620391302.4605482 18.744468168457118 8.58623845974197 0.16202519630565296 -0.048052602324134275 0.010451414769935014 0.6746936905073214 0.736457832688875
1620391302.660552 18.7667910580981 8.831123763660434 0.158216110499315 -0.048494149938343716 0.008758169266120061 0.6844043421076899 0.7274354324591304
1620391302.860563 18.77653019152249 9.070148047212557 0.17156626791881444 -0.04857125642349031 0.011917141669813442 0.6978887200769146 0.7144579408007653
1620391303.060578 18.78081645717944 9.296931307924815 0.1710292423994853 -0.047022008268993616 0.01020951657002584 0.7158162232961623 0.6966289047805686
1620391303.3272002 18.829551262784243 9.552912952947406 0.1591796074262354 -0.049501800561528544 0.010255539134961782 0.7413103822045759 0.6692557903327561
1620391303.527206 18.79467536210325 9.815486050993439 0.16697721457763237 -0.047240623680162845 0.012049338523527494 0.7696153647755573 0.6366437993233256
1620391303.7272232 18.683391408698174 10.163152478035597 0.17435071757979803 -0.04919465831644048 0.014215199988096745 0.7917848250633668 0.6086498209001615
1620391303.9939752 18.72201117996117 10.22011225819309 0.09251186020287627 -0.04520729206245728 0.014150955056632771 0.7839936059452994 0.618958865395956
1620391304.193983 18.872171150220453 10.482351671146803 0.012493022625355522 -0.042702002133348266 0.014600934952029585 0.8142897211292952 0.5787016517822484
1620391304.39399 18.94792669857045 10.531990696336576 0.029778588262542392 -0.04404195157799614 0.01625780535151234 0.8273129832554942 0.5597760427199844
1620391304.594003 19.03983310837232 10.567844719952141 0.03796069452145655 -0.04099800543986394 0.020513445644299216 0.8388605204966546 0.5424125636909884
1620391304.794006 18.886296104438223 10.969778448652484 -0.0024693142196587498 -0.04049086930433463 0.024765410513898852 0.8599138127773732 0.5082277034359064
1620391304.994013 18.818508900372482 11.158143613446336 -0.04600064011929264 -0.04017022990080404 0.027483872341963873 0.8664450541760289 0.4968943121879187
1620391305.1940181 18.774498890292513 11.443006351328751 -0.06380803009599695 -0.02943475521167543 0.020238111155339845 0.8543892043896609 0.5184043802524163
1620391305.3940322 18.98111195409712 11.58735402491983 -0.1848845979649504 -0.025611777934246974 0.030289301214690326 0.8117906669689448 0.5825997838010978
1620391305.6606631 19.100808752652014 11.750169131199609 -0.10302740339056557 -0.016775799109514145 0.024909819764492767 0.7523582409332576 0.6580692598377089
1620391305.860671 19.311814075317447 11.774230051169843 -0.12545395269523124 -0.01736917225686549 0.0242493447779944 0.7122377344122837 0.701304278335877
1620391306.060679 19.33644040716357 11.825866188389396 -0.10416554119265257 -0.01348079192915563 0.021174072845256603 0.6908593063055544 0.7225533515105395
1620391306.260689 19.414250885788473 11.774400404558131 -0.11447430401515803 -0.010612819637443005 0.01864145363778372 0.6771020295812653 0.7355764445674856
1620391306.527446 19.36028843284476 11.703243413191657 -0.12849549907549998 -0.004193687453442764 0.01850842435404257 0.694425286486509 0.7193145158424105
1620391306.727447 19.23314412763016 12.047127778083798 -0.026142311797817962 -0.005038001573417648 0.01800082657423729 0.7192930422360732 0.6944552600229644
1620391306.927464 19.402187004502327 12.042361203675824 0.0422910543597976 -0.0031189321001926806 0.015313515323238491 0.7223917591740352 0.691307395294192
1620391307.127464 19.28378448513359 12.335074868222284 0.02958886930318873 -0.0008622835576371571 0.015374894162901585 0.7564450023006573 0.6538760032230134
1620391307.327476 19.541415054234754 12.274830611017991 0.0595349130007372 -0.002538112234495116 0.015941163208293915 0.7713747019526322 0.6361764743287336
1620391307.5274782 19.14308147843765 12.722195962792739 0.08524145609067679 0.001945429292889581 0.015553032348596547 0.8136652606069914 0.5811223297817634
1620391307.7274933 19.40429304947026 12.714088206783313 0.06654694279055337 0.0010825354328168888 0.018588727870974035 0.8183959863264189 0.5743529375549334
1620391307.994122 19.34214795475529 12.777703250324832 0.13358890941925544 0.012428334468563049 0.015970447431225367 0.8319449846738304 0.554488975352298
1620391308.1941283 19.455113756058722 12.963842387113216 0.1513413912254555 0.015326370280186526 0.015721411550329717 0.8400582598262252 0.5420517131147465
1620391308.3941352 19.61359753612484 13.02803569144591 0.13747795169514648 0.015617016402997373 0.015369174743787956 0.8415557117066184 0.53972574643084
1620391308.594149 19.65456331408365 13.169862932701745 0.12174345989643162 0.015005325957955928 0.015113556107970291 0.8473551207649147 0.5305993968411014
1620391308.7941492 19.667516163720798 13.284878931574193 0.14879916775782823 0.01092013334728868 0.012771295303880216 0.859830252113554 0.5103034217544286
1620391308.994162 19.84913688089952 13.323331859411631 0.12707233656166103 0.012935117457431174 0.011038102161096554 0.8734693811091045 0.4865820416968967
1620391309.1941621 19.812458379162756 13.455383865857199 0.15976502291847267 0.011832679415697744 0.010737737713326553 0.8883101649384006 0.4589659459630486
1620391309.3941772 20.055001368425398 13.398675122194307 0.22000184326440966 0.013537170947187713 0.011793631745119226 0.8867902994209097 0.461823148083744
1620391309.5943203 20.27214743264647 13.630759100905225 0.2175976315421413 0.011745497813680922 0.01166240216649728 0.8912210944662828 0.453267021120152
1620391309.8609412 20.78991354377157 13.483667679717781 0.1619296239044117 0.013792267494994036 0.0130551231852012 0.8885108573661336 0.4584624231695151
1620391310.060969 20.987139269525084 13.587874377126314 0.24637415545866095 0.009804842358656467 0.0104628498856967 0.8842132157272345 0.4668633450720816
1620391310.3275852 21.074996148424454 13.846833129013389 0.2481993440991897 0.008311562968505644 0.007532922185871203 0.8785016137546064 0.4776076712479751
1620391310.5275862 21.32689266557475 13.789786977689673 0.23096674169296424 0.007170066067504317 0.006222933661607708 0.8545247104146383 0.5193239687709459
1620391310.727592 21.645148829000565 13.756683362228465 0.24231480262586105 0.00040218439966782096 0.008892688302515215 0.8371237330594785 0.5469411429861749
1620391310.9276092 21.975676450299133 13.698616274013391 0.2378494499777112 4.267491136619413e-05 0.007219021542490328 0.8272768987386384 0.5617480010825132
1620391311.1276193 22.237806986959356 13.7425385965628 0.2334104463030824 -0.0016433798862820156 0.00866687880332944 0.8253751309304247 0.5645157905284316
1620391311.3943691 22.508543436126587 13.907898403528579 0.2101613981159031 -5.5285146379954785e-05 0.01217429546837864 0.8291649257586665 0.5588714605032387
1620391311.594376 22.732731306396477 13.964900204721848 0.20219162963885023 0.0016225860444919107 0.013620516468213455 0.8389081499722357 0.5441001421207544
1620391311.794388 22.959453221016776 14.020433424217476 0.1486678281480482 0.0032653359781996422 0.01146664238004274 0.8542445620940646 0.5197346263490576
1620391311.994398 23.088966504912545 14.205315707990591 0.17394897634951514 0.0017917531143865407 0.011796969063211328 0.8663478023878797 0.4992986144977665
1620391312.2610283 23.507445844621884 14.326576722241002 0.1651238200118234 -0.00017787476488795385 0.013969876709674032 0.8734130946943851 0.486779597889703
1620391312.4610372 23.711472464234873 14.507803760714406 0.14272017316897534 0.0003708965001008999 0.013736127790994567 0.877931043471844 0.478589870491984
1620391312.6610491 24.195698736357127 14.539281818086765 0.07905483149952262 -0.001769399938341355 0.01669809951481183 0.8777500151638503 0.4788245540657996
1620391312.927804 24.598351889431367 14.709869949916506 0.03335670760133514 0.0010501965893441965 0.01740308123482711 0.8806236881885902 0.4734954589558195
1620391313.127809 24.826378763423907 14.864072002055908 0.005798509261745989 -0.000580799679116522 0.01977132226115988 0.8820200982529982 0.4707964568319828
1620391313.3278232 24.80448340767103 15.125654476176797 0.005716708788420716 -0.0006853173738716662 0.019561860337297687 0.8847569348027348 0.4656415255093879
1620391313.5944462 25.0055724697856 15.368910326506509 -0.04237201189167264 -0.0010393178506997336 0.019402553563918595 0.8886012666604772 0.4582687526146633
1620391313.7944593 25.227372585552928 15.526498433042768 -0.08520512835295763 -0.0012889023245911048 0.017709446133214467 0.8910977765130395 0.45346385406333
1620391313.994466 25.430310801841106 15.711445776784233 -0.12470017297969185 0.0001433880473254354 0.020083726387033318 0.8953520638280299 0.4449059509302679
1620391314.1944802 25.645898689250096 15.886192435708436 -0.16413954980122916 0.0008519141655308088 0.021334760950084245 0.9028330995783154 0.42946070428302124
1620391314.4612303 25.92618808046709 16.118377290182398 -0.2185465837152825 0.0039262842175805356 0.014982351487641023 0.9117920325800382 0.4103600891408741
1620391314.6612382 25.971806923610725 16.35232555114793 -0.2451485584419685 -0.0026124370221374555 0.019178976580481646 0.9197754312835315 0.3919674706366898
1620391314.8612533 26.30680333634908 16.32852202207578 -0.3083439282003321 -0.008082694187541732 0.017161327856936904 0.9181155584765804 0.3958585355453311
1620391315.061258 26.34885055095488 16.599965636361766 -0.32014585373112897 -0.013100000241415964 0.015226699271087194 0.9116572373098084 0.41046025298880057
1620391315.3278873 26.61675061805199 16.858684495599825 -0.38204948144060186 -0.01492185463681094 0.017474237091428434 0.9072932214215952 0.41987021763241855
1620391315.5278952 26.812210845739745 17.061012699187227 -0.4296899852456402 -0.016396093578415153 0.018192373870928178 0.909313579962531 0.41539020082812933
1620391315.7279072 27.00435262552863 17.269578369779147 -0.4796600034101933 -0.01714340128860522 0.018704260629131823 0.9132735623102484 0.40655584464095956
1620391315.9279082 27.24191747905608 17.528935198904428 -0.4824057719024513 -0.013809823377942327 0.01865534252213751 0.917035395148828 0.39812981679081083
1620391316.127921 27.09849355905163 17.118495900849563 -0.31706813824051405 -0.01810684800521445 0.011439426926090821 0.9161439645550568 0.40027680144652605
1620391316.327921 27.081719994623867 17.569387323682005 -0.09156120729575774 -0.016109914929230675 0.013099053430907264 0.9193779632887096 0.3928269925288883
1620391316.5279372 27.266067420708993 17.655726561136177 -0.12384163421250233 -0.018112156915150817 0.01333346085503208 0.921697821671387 0.3872561092090459
1620391316.7946901 27.456342634513142 17.883552007048717 -0.15717730149269754 -0.015242810790741712 0.012131022641030359 0.9257049408423512 0.37774443412039826
1620391316.994702 27.588742012433936 18.055124119901045 -0.18596942165427854 -0.012948809666436488 0.009623705256139082 0.9277675177929936 0.3728097980922609
1620391317.194709 27.742621789317944 18.201174025372527 -0.21387949808990409 -0.01595797057789194 0.010495004066599844 0.9312189700117076 0.36395937679226237
1620391317.3947191 27.353591121374148 18.640588507047678 0.06836807171114945 -0.018993169013352525 0.010981296034005213 0.9335433729945142 0.35779245577047714
1620391317.594726 27.631232894415756 18.677406819316424 0.17802193610096867 -0.01983504449884189 0.009366690565811932 0.9336793342143168 0.3574377386044782
1620391317.794728 27.69885930832546 18.86226961775689 0.31976828977420557 -0.020236766497622072 0.00885350495776603 0.9355666052093992 0.35245881454241407
1620391317.9947312 27.55653301547992 19.127304133073128 0.28251341611905806 -0.01805338080900441 0.008070358826397553 0.939676938245162 0.34149113675171167
1620391318.194747 27.783512533513978 19.051143622273806 0.35593899943691837 -0.022482298793615376 0.005667717633968948 0.9386658498018584 0.3440477374341116
1620391318.461378 27.357679287935916 19.516493308069663 0.4056319978914196 -0.02343931831013894 0.004832117562658968 0.9442070011225088 0.3284819447523034
1620391318.6613882 27.675208815208762 19.483480825476285 0.44662421404299496 -0.022841028129434574 0.001598811288182706 0.945069828029445 0.3260655630158617
1620391318.8615232 27.86071134494562 19.28166249529145 0.4871150032221945 -0.02241466581496845 -0.0032234816291817165 0.9444289761704568 0.327934598498256
1620391319.0615292 28.232739280358047 18.899207264182493 0.4831587620971848 -0.02316341808718705 -0.0025600977746794615 0.9408670840475466 0.3379734192473863
1620391319.2615411 28.21175766684589 19.18451204677421 0.43458420388399094 -0.021298591703873927 -0.005024311514051506 0.9439694926991096 0.3293064274177281
1620391319.5281622 28.169852248331647 19.21429314133191 0.4212932292638247 -0.024722818699859945 -0.00029801982650622154 0.941475236923618 0.3361741686675747
1620391319.728178 28.499057274770866 18.956300428659 0.4200335814542636 -0.030522153646283887 0.0028426770634703002 0.9402103405384856 0.3392120765368049
1620391319.928178 28.30963091479741 19.183372320485073 0.4574818893032807 -0.04029589128359856 0.007945257991875657 0.9416515545462744 0.3340740394608484
1620391320.1281831 28.58280223361008 19.26528009493751 0.4229451094975458 -0.04644890676229097 0.0101224534099338 0.9442976808545006 0.3256407912568152
1620391320.32819 28.46466896545416 19.438903114288753 0.37985573038189907 -0.039417964622244964 0.009687925767386014 0.9467264746185434 0.31947042181665325
1620391320.528202 29.0096109910573 19.146489858151142 0.42004801733617203 -0.04114397368852937 0.00848894967079768 0.9437533500459966 0.3279706167319931
1620391320.728203 29.2617095243126 18.67078592716044 0.420792832511968 -0.039516041594414436 0.007379913102038629 0.9374927702233355 0.345675172840474
1620391320.9282131 29.86587129060735 17.52622763153227 0.40792572234986096 -0.041612169738198757 0.010086958224706604 0.9281531499070312 0.36972748196625776
1620391321.128221 30.166317223734964 17.039199441089046 0.3626476479779922 -0.04241862273578951 0.010917431259893426 0.9222115107993908 0.3841970841755439
1620391321.3282351 30.239305025784684 16.682996475213002 0.33583590001409436 -0.04216736479579716 0.013317489009909806 0.917499570831766 0.39527091387575564
1620391321.5282362 30.04567081948148 15.994965906077438 0.16388054072693978 -0.03989850755841899 0.016911917999003996 0.909086948506063 0.4143464929019446
1620391321.728252 30.377767828824506 14.849426030857533 0.05258177667094965 -0.03905436938054506 0.02067588498400328 0.9036030128831496 0.42608550681865637
1620391321.9950023 30.49574541341509 14.269138658382946 0.02615250270271582 -0.034361316212419696 0.020257695854042114 0.8939553919126554 0.4463772877030445
1620391322.195017 30.58043815105478 13.534981799948184 -0.025543058533535928 -0.0302913839056562 0.02250138514476652 0.8778340125234002 0.4774762467230322
1620391322.4616442 30.464603394557688 13.156106459533662 -0.039222055008409876 -0.029782369469170074 0.023173594536110655 0.866820267264937 0.4971907272303272
1620391322.661652 30.48365938874471 12.604008276982768 -0.030815262912235488 -0.025892383931233852 0.024053297001490566 0.8549378518216249 0.5175251615915303
1620391322.8616621 30.57135975455148 12.194633851347513 -0.030816476886666857 -0.02230287504482967 0.021593370915584314 0.846731248463525 0.5311143953731962
1620391323.061671 30.634510065295924 11.887337249481082 -0.021482609142168037 -0.019101371289121767 0.02160344795619757 0.8407915891234351 0.5405903553621413
1620391323.2616751 30.79475965417392 10.947217207886355 -0.01469668240669796 -0.01784969016544428 0.021007303760294967 0.8209040660572832 0.570400382258233
1620391323.4616761 30.900801553272448 10.356983336026312 0.0024342976153994117 -0.016974950621342483 0.021093774835237146 0.8084078628694008 0.5879996861950947
1620391323.661693 30.997922476051777 9.99164596824012 0.015076368414010577 -0.016524939852761912 0.02117992506613747 0.8008058097937883 0.5983213117862081
1620391323.861702 31.07400787592105 9.629108787814621 0.02211721036636659 -0.015896260481276413 0.021111666834828367 0.7933568440180621 0.6081829695707249
1620391324.061706 31.145301135141867 9.273986105598595 0.03174533332636029 -0.01574005873181996 0.021133350323905918 0.7858708275012714 0.6178290010493773
1620391324.2617111 31.2177626325248 8.922839250619539 0.040653628319237724 -0.015338810458835384 0.02105874515016048 0.7783492313777344 0.6272907811853263
1620391324.4618502 31.287967223353217 8.60142149915225 0.047478779142299046 -0.015086003676129806 0.020994137887023836 0.7713510568760233 0.6358845852225896
1620391324.661855 31.352452453084037 8.284419546972654 0.05657021432028288 -0.01493186436528695 0.020954433305040817 0.7643686389885836 0.6442658883428332
1620391324.928482 31.40796874647732 7.8765940461692034 0.06408239950292523 -0.0146447412282208 0.02092286922669338 0.7553128317388031 0.6548666210064383
1620391325.128492 31.497434414079528 7.580253282910992 0.07438357200680679 -0.014554479098111302 0.020856221124019823 0.7484857508201574 0.6626630108869759
1620391325.328501 31.427328447997432 7.121784586275076 0.08189107985684936 -0.014072050461069803 0.02098958860763656 0.7378805876955937 0.674458043815853
1620391325.5285063 31.469621385990386 7.249756880360223 0.08851243256328402 -0.014116014234917856 0.020884420549374654 0.743555560785022 0.6681988529967007
1620391325.7285173 31.42408317012308 7.129140584728003 0.09885481496159301 -0.01361960881400881 0.020338778225488827 0.7415520125030374 0.6704486953591162
1620391325.928522 31.383068927169 6.864961738492961 0.10149701382922048 -0.013375222401061775 0.020398446069937844 0.7356877539776102 0.676881478156281
1620391326.1285322 31.338009663424135 6.598059436116126 0.10578980652657692 -0.013161846537428098 0.02042028051200809 0.7296965833836433 0.6833393550336264
1620391326.3285341 31.29521712713193 6.33379435166417 0.11110031688529697 -0.01298666474503281 0.02044397054259218 0.7237609234916733 0.6896256348438131
1620391326.5285442 31.25238063675287 6.077459220592738 0.11541953876353445 -0.012796827195559564 0.02045633367678524 0.7179053452513808 0.6957224266082884
1620391326.728553 31.2299563556512 5.912402500876376 0.12036239869298512 -0.0127946460409809 0.020419953287067423 0.714482093518524 0.6992386292116773
1620391326.928562 31.217778496056134 5.819248231571344 0.121632779130504 -0.012598256939475165 0.02029215273174344 0.7134902353014223 0.7002579500363547
1620391327.128562 31.17669133001891 5.624977973849343 0.12327851833439793 -0.011841118273404035 0.021857516669334165 0.7088456654379323 0.7049254283063838
1620391327.328572 31.127790657029095 5.365062112051672 0.12514560857149715 -0.012212541494530871 0.021292556459621047 0.700978744988588 0.7127596228349926
1620391327.5285902 31.10767964619387 5.1923290406796445 0.1305496416272787 -0.011480134162663077 0.02080596437123184 0.697584169366277 0.7161086824049475
1620391327.795344 31.075612275768133 5.108068287030854 0.13413237046242246 -0.011281945048847733 0.022397768018295933 0.6968344737831199 0.7167933969081426
1620391327.995347 31.065146976059303 5.06115609743089 0.13615673648001841 -0.01107813510225516 0.022567387588434712 0.6964767458919576 0.7171388501342245
1620391328.1953552 30.9991052143594 4.8595080861892725 0.13771059690134016 -0.010984803353925087 0.021616060985037665 0.6902840959689626 0.7231320397099532
1620391328.395358 30.988507211450834 4.787546314107689 0.14334708737580326 -0.01064638727353683 0.02281996312487745 0.689971740655917 0.7233981620223012
1620391328.5953732 30.91623367210795 4.561346636793194 0.14696632978777707 -0.01072640741794877 0.02261020504455903 0.683065195416878 0.7299285318590086
1620391328.862005 30.97283393579401 4.652528777240761 0.14855077284815021 -0.01081874842415708 0.021520172811067325 0.6824121161952219 0.7305706950834217
1620391329.062012 30.942836817739046 4.570334099863319 0.13818734064010163 -0.011995894832342452 0.021342329156310458 0.6741934127710194 0.7381489319029862
1620391329.2620301 30.91273348409012 4.498661968183592 0.1401208733837009 -0.01103023447938503 0.02228704219900329 0.6694792699116726 0.7424143915872603
1620391329.4620302 30.938723081095848 4.6506492170518925 0.13200385920700236 -0.011378916567190756 0.022412124002217263 0.6653641830196242 0.7460956513142886
1620391329.728779 30.94956228340209 4.7771192890706065 0.13730014556160866 -0.010287577329337154 0.02123276019384744 0.6603104858264003 0.7506220073745141
1620391329.9287882 30.941272050315867 4.798125881251293 0.13495048626377726 -0.009944327975025551 0.02149765961355158 0.6548877202219912 0.755354906566911
1620391330.1288042 30.88419877947419 4.655729813439523 0.1440768532938396 -0.010703943744755116 0.02367339369329653 0.6414731090318505 0.7667054495752343
1620391330.3954291 30.927274005526023 4.891399581039825 0.13532988509256239 -0.010319442986000371 0.022302592083023702 0.6408515834361895 0.7672713675683231
1620391330.595443 30.990863043124552 5.177885049111129 0.12672420926351174 -0.011557024197311432 0.022221997009803686 0.6484576215828742 0.7608385709542334
1620391330.795448 31.103241927940992 5.739015973152895 0.12548389299468635 -0.011278935544528123 0.02201557994532116 0.6709083392724854 0.7411275869560436
1620391330.995494 31.137094224676 5.993612510847504 0.12815002765040026 -0.0136886809175327 0.02308962239462197 0.6849317284103805 0.7281126401657778
1620391331.2622132 31.165685127759577 6.385687830060112 0.1236099352798767 -0.01259987547633578 0.022114639494616783 0.7122878710741304 0.7014258154492785
1620391331.4622202 31.20010628098217 6.822633492369089 0.12348300430480702 -0.013532638959577944 0.023031832527679666 0.7407776053506595 0.6712189968886071
1620391331.662233 31.184994874544955 7.127444037722832 0.1225166155929034 -0.0142218849121231 0.022046411690858365 0.7687425353373218 0.6390200373104497
1620391331.862236 31.138974807400487 7.370569457282774 0.11508467035816883 -0.015222674357545325 0.023066664010134914 0.7933249398305137 0.6081708140315166
1620391332.062241 31.07988477044908 7.564156863119816 0.11544338344787144 -0.016294790136441008 0.024930594285829156 0.803457904404019 0.5946161292242792
1620391332.262248 31.01767915016268 7.7454058524146046 0.12224263131671713 -0.0184434389461596 0.02583122349748447 0.8093605486158733 0.586453825801037
1620391332.462264 30.96051968893463 8.016201768415167 0.1150704627147302 -0.015212059231490162 0.02551426233204669 0.8127907943449934 0.5817978517488885
1620391332.662269 30.90622983296981 8.271927569933823 0.0997211508379562 -0.017349550559102964 0.025773527126226912 0.8081590476757062 0.5881442612614398
1620391332.862269 30.86920505044632 8.46705178852267 0.08073364982579148 -0.016674708449385286 0.025730741769887135 0.7937031383848564 0.6075320659390149
1620391333.062278 30.83476662444048 8.674434507798171 0.08608236345337318 -0.015055368910682468 0.02741431758747005 0.7859593429168334 0.6174866009395787
1620391333.262294 30.89597136942203 8.785474238625206 0.050700207256107056 -0.011860392627653217 0.027033280169608837 0.7855225626776945 0.6181284950350172
1620391333.4622993 30.834678217280207 9.114965898039298 0.02559340362023409 -0.011270246939135423 0.02320122778773285 0.7905997492259693 0.6117897687007404
1620391333.662305 30.786139564501976 9.12653028305275 0.009397997792392598 -0.012808367098814376 0.021636133901010414 0.7911095686336325 0.6111574869527376
1620391333.862306 30.80734986234992 9.305949061542803 0.028069006409728633 -0.012705715081208041 0.023004108535142988 0.7948736858155873 0.6062055751910568
1620391334.0623262 30.78901247760153 9.565790584522311 -0.022481654821823585 -0.010945490616018204 0.022443081472608536 0.7971014722500593 0.6033288881414306
1620391334.2623281 30.72054057597166 9.79395313328453 -0.0064527428805723494 -0.014524364735872071 0.022529992572704098 0.7998118422788338 0.599651948395258
1620391334.4623291 30.74232294123415 10.020346873425009 -0.08824588006196166 -0.010430339242333272 0.025510688153436524 0.8014264693926203 0.5974579708817228
1620391334.662337 30.734428273025742 10.235536137688445 -0.06798627277424216 -0.013770446487294032 0.02525555792106193 0.8022134872651294 0.596343904511109
1620391334.8623521 30.803971229617726 10.373780711030983 -0.07588928737890861 -0.011826737232168637 0.026716662504177806 0.7940986918176417 0.6070861684181144
1620391335.06236 30.865005028967097 10.453288903207545 -0.08486098152562353 -0.012330090527501164 0.028359894372006644 0.7750512888004893 0.6311411767485076
1620391335.2623632 30.918764306824027 10.697476982739266 -0.07094784383213673 -0.013612835652874827 0.02711843197558222 0.7555695149109037 0.6543653333497836
1620391335.4623692 30.983751211346227 10.90209833708884 -0.0566051667063419 -0.00933477931850291 0.02879944489668405 0.7469343718057742 0.6642081737556604
1620391335.6625013 31.027167667203717 11.090012284119101 -0.04147257721708281 -0.010220166557117964 0.025691156486261243 0.740818083677186 0.6711364090636149
1620391335.862508 31.047541114165767 11.092091762733384 -0.018803945582344408 -0.009972877833863934 0.02519728140382211 0.7439394025921497 0.6676973895324149
1620391336.062516 31.11352117138909 11.104076696721473 -0.0212049143700611 -0.009950772904254052 0.02460739116407818 0.7530702184548398 0.6574045212006712
1620391336.262523 31.196458347565823 10.982230570960292 -0.036849304267696746 -0.009569560485042945 0.024691238476378108 0.7518142088592957 0.6588430477829263
1620391336.4625332 31.262009091133518 10.712542805133744 -0.016244761330450816 -0.0074930889306650105 0.027135080321554494 0.741308816092981 0.6705734711551308
1620391336.662539 31.325733419523917 10.796410580441192 -0.017142264924084025 -0.01116364389341582 0.028463787694225487 0.7388765429281586 0.6731468191677435
1620391336.9291682 31.396941118074757 10.948442513000575 -0.03487511396863737 -0.007785761892544417 0.026428957029447045 0.7414525319463245 0.670439434261195
1620391337.129173 31.405633055641882 11.25044900668597 -0.028583594627135056 -0.009822688198812034 0.022314467285291045 0.7501184738745965 0.6608538828654694
1620391337.3291893 31.43762533432615 11.326794659246866 -0.02481842875859668 -0.00842705993991641 0.023102038538913874 0.752125978921165 0.6585603938197266
1620391337.5959392 31.489293012807252 11.581714352005354 -0.022262193298845146 -0.008430461610859159 0.023221128670748728 0.7572620889540452 0.6526437275675288
1620391337.795948 31.51791433571981 11.661605929505154 -0.023801128477236894 -0.007879787808751667 0.023531090634036408 0.7571565501386424 0.6527619438201109
1620391337.995959 31.548519215372632 11.736439274081556 0.006656269168593945 -0.008766219391900457 0.02374086306721113 0.7587972211676905 0.6508350804670767
1620391338.1959682 31.571770131015885 11.7150337005516 0.010673140654896145 -0.007536930886997384 0.021062578020875994 0.760140384922179 0.6493736656889304
1620391338.3959692 31.59946739402332 11.793660966764634 0.01223848610945268 -0.009173579128033228 0.022993786885730238 0.7607511130880102 0.6485714109841618
1620391338.5959792 31.598922494996255 11.925637159837247 0.045675370191415945 -0.009098387865121885 0.018089652489346915 0.7639215577970307 0.6449913467202693
1620391338.795986 31.633631702486312 11.899521229297541 0.04446522218427229 -0.00894564507497577 0.017896634160260792 0.7610832510055553 0.648345564462918
1620391338.995997 31.643951514992583 12.172075726655978 0.01360248207970993 -0.008330660091576549 0.019309762770797777 0.7622070200979597 0.6469916473012315
1620391339.2626262 31.798564763480005 12.354382617488254 0.03573955209703012 -0.007122573158235863 0.02113118615193575 0.7452825963361042 0.6663757149851214
1620391339.462634 31.961493341267193 12.386801097849293 0.04964289124495188 -0.007733341229313019 0.02265070374447254 0.7331378341189184 0.6796587800041513
1620391339.662666 32.06153982056516 12.677149627498576 0.10248063380851034 -0.009875571185199827 0.024440066644635546 0.7462272662967026 0.6651691689123304
1620391339.9294002 32.09137705193319 12.536128979530327 0.16810725125259446 -0.009999928909540722 0.02612882363036337 0.7504052856824647 0.660385639772182
1620391340.1294072 31.968621987066086 13.246467749047872 0.18558583276082546 -0.009796299957817247 0.02608060050691111 0.7756304335400429 0.6305721729911797
1620391340.329414 32.01680524412629 12.759311474560572 0.22841380032750294 -0.010324655145426152 0.024888827848876964 0.7656445489396901 0.6426992861543986
1620391340.529428 32.13149331680635 13.475436606693275 0.24094161561058386 -0.014139598775623985 0.025385115463283155 0.7795550679773594 0.6256593031756125
1620391340.7294343 32.090126521373115 13.37314609206811 0.32354685518087223 -0.012851743490769226 0.025865612459139247 0.7808828843899843 0.6240093938781189
1620391340.9294353 32.12363597987625 13.591728666084752 0.25550919009838563 -0.01412548433154269 0.021423333177941713 0.7763695605735123 0.629755362742419
1620391341.12945 32.25153221291056 13.783419202798997 0.3105860228116438 -0.0149705094640383 0.01925036541941441 0.7738398275995662 0.6329117067160932
1620391341.3294551 32.23227532270425 13.932335836315822 0.2440357763590205 -0.015176901537223054 0.02223147762756104 0.7726017983554452 0.6343200172154073
1620391341.529459 32.24288528717616 14.053549401996003 0.2466434003202544 -0.019662696126914 0.019468512764044828 0.7679006820727192 0.6399710132998432
1620391341.7294652 32.192871208599165 14.25177801235758 0.2533625790735117 -0.02316187661564582 0.013221971784711933 0.7530054512425502 0.657473571585024
1620391341.9294772 32.17878126500893 14.445997278943773 0.2566027430202105 -0.03265560927584854 0.007724238316322032 0.7424897487071745 0.6690163827515816
1620391342.1294873 32.16814185517402 14.698841876763193 0.24778242162798256 -0.016458497964353627 -0.0042974933038107555 0.7554424536388586 0.6549941592382025
1620391342.396113 32.11190042977911 14.876291912827154 0.23061802978215995 -0.013909858907834863 -0.008275825494744397 0.771225858064983 0.6363557985824229
1620391342.5961192 32.02650583838557 15.201131748559488 0.24547908996342696 -0.018276161005928382 -0.005248038254576858 0.7763014247035873 0.6300750257203835
1620391342.7961292 32.05440536321464 15.272884984169693 0.2507388691422632 -0.0196645434051928 -0.0029535977759852666 0.7703087388522303 0.6373609878559615
1620391342.996143 32.15995625354062 15.142375697715709 0.2387954088494434 -0.02471113089450596 -0.002401175246615983 0.7501341866285348 0.6608194128644334
1620391343.1962712 32.160446982308144 15.341797156585933 0.2487476360244932 -0.020956721306386636 -0.00466702039340427 0.736336200166617 0.6762751178898422
1620391343.396279 32.18874891319574 15.439105095219709 0.267230724310952 -0.018450651225641743 -0.005670648289882882 0.7187670447475697 0.6949829872753471
1620391343.5962813 32.18101854891172 15.649429488995487 0.2691956153003762 -0.019208119882694327 -0.008006363195630738 0.709111961092386 0.704788743464778
1620391343.796298 32.18826151663662 15.885617688889244 0.2709555299160936 -0.017432228242711203 -0.007783714601585539 0.7094196316497599 0.7045277265199805
1620391343.9963021 32.22879239961301 16.030487916084702 0.2852758608347452 -0.01682925587393467 -0.00858749346662696 0.7100075053329895 0.7039406036545368
1620391344.196305 32.26510589636596 16.193168710083263 0.29802116890486324 -0.013947553117937475 -0.008119099856734223 0.7104096142081086 0.7036033868737585
1620391344.3963122 32.31300910350827 16.34627336747829 0.3078082798146957 -0.009268217629223922 -0.007824412738745713 0.7104840809629157 0.7036087331788533
1620391344.5963252 32.569037620254086 16.271480429127287 0.30880678374666654 -0.009722689279213586 -0.01338783391599648 0.6992144028755024 0.7147205426092573
1620391344.796326 32.57196270800651 16.51442831698993 0.3183238168921674 -0.010665767747272436 -0.008984145403561157 0.7008731692430799 0.7131495826016369
1620391344.996341 32.60246988296104 16.730702732727426 0.31915907099619845 -0.011195268808083234 -0.0077458025757772 0.7029391517415144 0.7111196927716819
1620391345.262973 32.450968598219646 17.19232058295311 0.3331072825860931 -0.013341945783055347 -0.004485092524278152 0.716617688755104 0.6973241459974424
1620391345.4629812 32.62950616798946 17.137034564902574 0.32037784124448093 -0.01665226439999043 -0.0077656307048570095 0.7236524524628659 0.6899199410906941
1620391345.729734 32.38998621606021 17.71712668046866 0.3240327603698612 -0.01744876566973865 -0.010248641921892303 0.7622433819787519 0.6469741359165394
1620391345.9297411 32.57706551819159 17.65662727985971 0.3092188920139318 -0.017874173698538654 -0.013398806566334007 0.7652261720498446 0.6433738349568877
1620391346.129764 32.690357800315766 17.74916246598054 0.2809548043529602 -0.01653953559121911 -0.01125790632559373 0.7702377450864075 0.6374429538019823
1620391346.396383 32.587652392453805 18.107822861110993 0.2835422871254803 -0.02102136665572714 -0.011271975279832909 0.7743967933291879 0.6322504655582988
1620391346.5963922 32.57043027372087 18.294403493219487 0.2954964895795882 -0.019803895272426656 -0.010263870943938004 0.7765344705555071 0.6296798192131944
1620391346.796415 32.52729944862826 18.507681302117195 0.31161914681563374 -0.022914775183718577 -0.011518241012136563 0.777840165261979 0.6279386279784686
1620391346.9964192 32.48721714804515 18.72267427431177 0.3101355069819218 -0.02082675512483848 -0.014069404456739926 0.7808917745144935 0.624160503896879
1620391347.2631702 32.55235294646195 18.836497703412096 0.30677960711782964 -0.022358492848991503 -0.0116127832858479 0.7775480237157579 0.6283186388112287
1620391347.463175 32.5009676021497 19.084219175666732 0.3087025806204293 -0.025859834205917163 -0.009673662828680322 0.7796443744332746 0.6256135697352365
1620391347.663188 32.42394903271558 19.34810664310533 0.30728081518324235 -0.026420564299936576 -0.008194858947550595 0.7833811375060684 0.620925753587818
1620391347.8631902 32.33151451274729 19.60239004262811 0.3096096321360184 -0.027995678950212797 -0.008628037382684393 0.788954849129078 0.6137524297033387
1620391348.0631952 32.280536066007286 19.821912044834143 0.30767279796910685 -0.02621122003902465 -0.009161933020266461 0.7917828521667492 0.6101712431294054
1620391348.2632022 32.22301111678256 20.047232487675277 0.3126369394241016 -0.02651252640890365 -0.0049682188689024005 0.7936237996481141 0.6078105522091367
1620391348.463222 32.2814927853421 20.125135655300227 0.318917426497161 -0.02691452471762231 -0.0057871133729501196 0.7908604567070137 0.6113770160017508
1620391348.6632242 32.16514680142412 20.38959374789997 0.3521314940653618 -0.024857801006097725 -0.00487632693168282 0.7939507108185765 0.6074541793052971
1620391348.929851 32.01162559751988 20.74719334086326 0.3464900294123267 -0.022065419678704783 -0.0065312267659893815 0.8010662965976588 0.5981331363389288
1620391349.129857 32.12828332208313 20.79469041861692 0.33630879587573387 -0.022848883327945095 -0.004850627412105517 0.7989980384694843 0.600879800348031
1620391349.3298762 31.957485767141875 21.120861271833444 0.34433627849594595 -0.024677413104227178 -0.0059383909743218645 0.8046383440863157 0.5932224675626753
1620391349.596627 32.030770092712615 21.23908614909897 0.34110059204608967 -0.02379123524044645 -0.004770178242406494 0.8035845525933587 0.5946957956456386
1620391349.7966332 32.075188146568216 21.33883472977269 0.33795603281540254 -0.02329608908286696 -0.005121504686401634 0.8016907077438064 0.5972629835678945
1620391349.996638 31.950794405227445 21.597987283799007 0.3357564515967991 -0.021605723669975836 -0.0022835034061202664 0.8040246975389627 0.5941988421936449
1620391350.1966512 32.05059517743711 21.66872266998525 0.3306163350705882 -0.023882264879247564 -0.0007011195848291732 0.7956872300672608 0.605236299112548
1620391350.3966553 31.860742890697637 21.995324971688095 0.3287975428510521 -0.02727390557977649 0.001292157821370966 0.797170952591419 0.6031359189660968
1620391350.596662 31.808181155182215 22.196449027212097 0.3032010163637536 -0.026470140990326605 0.0028121275411309996 0.7853077263742312 0.618533102163157
1620391350.796668 31.87171433015691 22.340757744866465 0.29052109575968066 -0.031634691235564956 0.005444266055418158 0.7705637898264247 0.63655404490576
1620391350.996681 31.590826584504487 22.760057798092014 0.2593920539467622 -0.03247938615896191 0.0061615175156082 0.7788028228552462 0.6263970691896157
1620391351.196682 31.588884336052807 22.908447419551525 0.24167109930920444 -0.0311855443408598 0.009340745931037788 0.7876949246481734 0.6152047772678
1620391351.3966873 31.620789670955322 23.04367278114943 0.21582649973859167 -0.0241586615550408 0.0059881201818803185 0.8016821017311977 0.5972322071459342
1620391351.5966942 31.5547816862349 23.277300299274156 0.2123046244388844 -0.025416791528980128 0.008035641977772099 0.8091910025655897 0.586940658442803
1620391351.796715 31.56271856345761 23.44780654660459 0.22914376425313204 -0.02382190960340394 0.0077688989555316345 0.8064073857845853 0.5908293230569508
1620391352.063338 31.6920145238624 23.594094002271216 0.22892959042793495 -0.022008742698239107 0.008593472425351526 0.7878905105869634 0.6153619348022182
1620391352.263345 31.785611955215582 23.72216025720278 0.23714599367072645 -0.022132209734133816 0.007201713044509864 0.7801816466628567 0.6251199075632937
1620391352.4634812 31.95399661980604 23.759629147301215 0.23600146680412684 -0.01884142281895185 0.007267832938523269 0.7741572601467075 0.6326710961887517
1620391352.663495 32.01620754583727 23.872683715243017 0.2497467402842205 -0.01904389756280408 0.0072000045544736106 0.7726277165641376 0.6345328214497009
1620391352.930119 32.085282662127746 24.08080366969787 0.24940376383348636 -0.014791538945379094 0.006542484939423768 0.7717938753476342 0.6356670671368181
1620391353.1301262 31.927719776693447 24.365806652168235 0.25660518201976995 -0.018332650275626753 0.010398959386564648 0.7769613681610164 0.6291953654970039
1620391353.3301392 32.325862301070295 24.263170509133015 0.25778956592324925 -0.01875399120872939 0.015717795612681794 0.7643425867467266 0.644345907723594
1620391353.5301461 32.20927926142836 24.54034549005351 0.2782956857147625 -0.01574594365367831 0.01541850552015303 0.7683186631757778 0.6396880229938379
1620391353.7301471 32.07818191145679 24.84671071086551 0.27408450675802654 -0.013794348476178877 0.01142572137788106 0.7741548721617822 0.632742761909835
1620391353.930155 32.05961838311933 25.05473366704608 0.25961560718016136 -0.012802265594616568 0.010286197211057278 0.7750734551756443 0.6316576883286291
1620391354.130166 32.05528532987367 25.263670020528565 0.2553927206436524 -0.014076495832705422 0.009564837974551304 0.7778388553704935 0.6282333015811179
1620391354.3301709 32.090587876770115 25.428717088593466 0.24345505178414206 -0.011480004118243506 0.008372862324834616 0.7791050646838958 0.6267323215423278
1620391354.530178 31.813458194983003 25.80607465038873 0.2494528185775013 -0.014065330281541581 0.007697224642830956 0.7882596775108403 0.6151338066042008
1620391354.730186 31.529184828595707 26.17606763190671 0.2493753483973234 -0.012372437807162413 0.005455282524133247 0.797100862847209 0.6036947714893045
1620391354.9302013 31.425035791527705 26.430842561058878 0.2509552985639692 -0.015469932609368556 0.009761686543662553 0.801377042877915 0.5978797753805799
1620391355.1969502 31.401429905672565 26.693506098875538 0.2569909382629094 -0.015202825560269907 0.0066131160967916975 0.8051331171904756 0.5928623823397982
1620391355.396967 31.40576719661934 26.8666013195665 0.26086059195181094 -0.0178467065638635 0.008765957453818798 0.8050211734135869 0.5929127789233019
1620391355.5969722 31.429960147336082 27.027025615560216 0.25375497966125243 -0.018264361159671394 0.00843195481730052 0.8040845931934489 0.5941744543804562
1620391355.796979 31.467039339182584 27.18576593411922 0.24805816587624796 -0.016305200467306116 0.00988690152102183 0.8018711980305611 0.5971925747906336
1620391355.99698 31.400487227265383 27.419658857131317 0.2440219333462873 -0.0159611464362364 0.009547777024420672 0.8032757805557434 0.5953168082045844
1620391356.196989 31.49439629828854 27.55002855638086 0.2381825074189542 -0.013847843921904525 0.008697588308212746 0.8013878414298246 0.5979214971756588
1620391356.3969932 31.38448234189008 27.810043187559618 0.24297226309393605 -0.013778163726807218 0.008598801942496605 0.8051727115001907 0.5928179547423487
1620391356.5970101 31.064393951922362 28.179952454894753 0.24002131188508846 -0.011699422103680931 0.004914849811663944 0.812525309300183 0.5827877739970272
1620391356.863634 30.81490039994393 28.547537303418068 0.23513040301107824 -0.014909608796062363 0.005986504843749881 0.8165586227082658 0.5770388903757557
1620391357.0636423 30.814121437833094 28.73191844474438 0.2246061864748249 -0.01567025072907481 0.004507882226730312 0.8186913422080082 0.574002272150178
1620391357.2636561 30.735429599301145 28.94687068292041 0.2280649724920811 -0.015991811668997453 0.006606273703342497 0.816924889671041 0.5764844696461966
1620391357.4636672 30.65544893240652 29.160489395191686 0.22587797972551266 -0.01264619343260708 0.005729053284974377 0.8103563917718317 0.5857727972982868
1620391357.66367 30.579351284565497 29.385801948099758 0.21430612879900487 -0.002379091561988463 -0.0021745739069617214 0.8014979825192303 0.5979887918425109
1620391357.863678 30.558514687460345 29.603520098361933 0.23095373681268566 -0.01111100455930507 0.006115430705905658 0.7920911291346072 0.6102710793010157
1620391358.063811 30.588065081700307 29.776555834290335 0.2210094421979653 -0.007002747788050016 0.005186696475147741 0.782691847145038 0.6223484009104382
1620391358.2638233 30.578456755742796 30.02038346160108 0.20748656954777842 -0.008763662790619806 0.007413712687111028 0.7828094666384001 0.6221555866662198
1620391358.4638243 30.55912328414464 30.25288773357644 0.19648884808679198 -0.011401754601338495 0.007410528934177192 0.7824638140623362 0.622547559416907
1620391358.663827 30.5768614017787 30.464027443774086 0.18025512075941477 -0.007966035096738227 0.008772052328228787 0.7853634690371356 0.6189214933129591
1620391358.863846 30.494518105756327 30.726207780009037 0.17153124972025732 -0.008274557046118207 0.008671005106983537 0.7865444085423833 0.6174173942859368
1620391359.130471 30.47610498527369 31.04888575781765 0.13166110127475272 -0.010326421350020418 0.012567317155600492 0.7873094755409222 0.6163434247926145
1620391359.3304791 30.45740392074887 31.275270453096365 0.1002898595739041 -0.012495231623575248 0.019230660162089217 0.7954218270206593 0.6056221330132499
1620391359.5304902 30.435997715368057 31.519759255563834 0.09628745974098518 -0.01051504188493376 0.01683021608866913 0.8083619315794917 0.5883512261342188
1620391359.7304962 30.512738095616985 31.708622329868415 0.0677162385382971 -0.00533016028642586 0.015803654312144103 0.8129347949755255 0.5821158415812112
1620391359.930504 30.32017206609242 32.04344719464433 0.06713996120092725 -0.011654210217917021 0.018622184305676734 0.8188916992926438 0.5735274871054449
1620391360.1305082 30.014190216836347 32.38982708384264 0.058489057821150985 -0.012573901719983656 0.01622143145993049 0.8251255591747781 0.5645764551886964
1620391360.3305151 29.93304119851856 32.62048043475296 0.06491070050283791 -0.012202865378445461 0.014858867899482287 0.8282904556701688 0.5599689501811713
1620391360.5305233 29.91186066155043 32.85978789385956 0.013924483208503854 -0.008022811714804635 0.013112961903826673 0.833668791296126 0.5520507505122614
1620391360.7305322 29.95163321798753 33.09207120789452 0.015558206058159569 -0.008497610287704814 0.015234818203480719 0.8363235597255793 0.54795856994999
1620391360.930537 30.031571115746285 33.297175182821505 0.006604288350592053 -0.008646346754612315 0.014499545765106462 0.8396458148916632 0.5428719088287014
1620391361.130538 29.75307873963274 33.59892504997484 0.004742024371426021 -0.01312584808185538 0.014924626842745484 0.8450376149480704 0.5343373437713409
1620391361.330557 29.937112144834227 33.612673749299894 -0.006840754108790825 -0.016191669031147007 0.014136655917364979 0.8431340645270547 0.5372736119032328
1620391361.597309 29.928637805235507 33.74118771448451 0.024635310488904247 -0.025153363497591844 0.01640705461021683 0.8433274181010073 0.536560325352949
1620391361.7973173 29.88472889752645 33.840127955773944 0.06718734754369254 -0.029669886190340455 0.019056021357737304 0.845040357028777 0.5335385280334878
1620391361.9973242 29.59910601210604 34.14199290131906 0.06824784391420664 -0.02173463043830883 0.01279894199656976 0.852468538421826 0.5221696888219687
1620391362.1973362 29.47265945055764 34.3458252674043 0.06150652864088555 -0.02110617190320373 0.011885782464852843 0.8579456727336999 0.5131690562770779
1620391362.3973372 29.43318723954604 34.540286885025665 0.04267325647669747 -0.018494856562443047 0.00929412012836592 0.8602477310581476 0.5094559851656278
1620391362.59735 29.25512543649513 34.76656441427239 0.05554259017937251 -0.021423419169032044 0.009803168950957558 0.8643580738122107 0.5023246512219647
1620391362.797353 29.09654002928489 35.00490548227576 0.035526063078463954 -0.020513322923032574 0.00930416763310355 0.8677102103662567 0.4965597918412804
1620391362.9973702 28.81245928714981 35.26364372817366 0.025177047555888447 -0.018674836795506303 0.007313274048583133 0.8707741127749254 0.4912740691451075
1620391363.2639942 29.387492603527672 35.308615221039254 0.03613420143776956 -0.017530953652229814 0.008450511125123251 0.8632431171767307 0.5044130997235948
1620391363.463999 29.59021254983236 35.41630969054183 0.03567106413250216 -0.012607095248628733 0.007286047389540927 0.8486201060876883 0.5288023167560323
1620391363.664138 29.277458662274054 35.733895663862874 0.02181363398717196 -0.016350422973576025 0.007621660242839175 0.8359207278190579 0.5485536534981619
1620391363.930771 28.912238539210232 36.119431063192 0.01002703160413746 -0.016650503934141362 0.007903448597901357 0.8280121544038721 0.5604071451886162
1620391364.130773 28.62402805612427 36.38934825590604 0.011964889474914506 -0.018832725102080835 0.009408253587553607 0.8294694515649906 0.5581552133144801
1620391364.3307831 28.715098943855736 36.5576699912907 0.01493316404556842 -0.01802000591946506 0.010725160188945652 0.8289013389740812 0.5590016284167303
1620391364.5307972 28.685538243363617 36.756818447484356 0.018384863476662128 -0.017525509591315675 0.010785733517739432 0.8294146182527938 0.5582543465971573
1620391364.730797 28.534610028724654 36.99414347526948 0.01754548173796155 -0.016079983022138845 0.00994153945918502 0.8314173517442115 0.5553267390985496
1620391364.9308062 28.466519459608417 37.20445026190182 0.019137737702818482 -0.01570659540351993 0.009088147069459969 0.8318580160066777 0.5546917609349405
1620391365.1308103 28.461344556549964 37.395806863893306 0.023664586860473947 -0.013479753066238288 0.006398256066649772 0.8250864255549453 0.5648094802157096
1620391365.330833 28.191982461228335 37.64827903302733 0.036341976354424925 -0.013099047436121872 0.007285647513548828 0.8205639337275451 0.5713581757200549
1620391365.597579 28.236802985986504 37.92449102212247 0.031412577214357584 -0.016958857045457614 0.011833985456341858 0.8226183703263777 0.568217714223609
1620391365.797586 28.146063422147485 38.133761809321136 0.008488963827063153 -0.012447365574441531 0.007314885566355373 0.8328596082903502 0.5532959681922951
1620391365.9975932 28.06500194036215 38.37521067414769 -0.0013083393915297545 -0.012917858827462523 0.013063036724991784 0.8427004531321599 0.5380691705400756
1620391366.1976151 28.13740427850524 38.63434699927218 -0.025646359402068435 -0.018097022505977934 0.016988485709807582 0.8444939790342654 0.53498954055624
1620391366.3976269 28.193134477786437 38.78923135369 -0.011444968238554112 -0.018912494175121537 0.013428633079226242 0.8426879628365588 0.5379023951127817
1620391366.6642401 27.94842351797545 39.04475545162311 0.01915847965462221 -0.017957478315903254 0.011879007724300393 0.8444620909203241 0.5351823942792695
1620391366.864251 28.03879174807517 39.23957070987039 0.011966352334921273 -0.018911981854699715 0.01480910329329571 0.8432920598378727 0.5369185498903636
1620391367.064254 27.936328171096726 39.457652564714955 0.035780838985417805 -0.018532480355624895 0.011763917805787305 0.8451052002605625 0.5341491906782962
1620391367.2642581 27.860829949539756 39.65816490553335 0.009379030163147785 -0.015051164573067235 0.009239761909657555 0.8496944000741306 0.5269796160455431
1620391367.464273 27.785058428721882 39.81647916491031 -0.0036739101504161694 -0.018572260074908167 0.011221980372547928 0.8529867793782242 0.521481248481851
